10000
10086
10170
10179
1027
10380
10466
10579
10616
1069
10696
10712
10804
10853
10854
1108
11133
11461
11463
11632
11743
11745
11762
11845
11971
12039
1214
12156
1216
12278
12436
12501
12589
12640
12662
12846
12866
13041
1309
13124
13133
13138
13173
13269
13408
13488
13545
13881
14160
14397
14607
1463
14824
15049
15377
1551
1567
1574
1595
1623
1641
1654
1658
1694
1737
1902
2009
2039
210
2180
2209
2270
233
2332
2357
2418
246
25
2523
2533
2558
257
2675
291
3177
3266
3333
3440
3659
3680
38
3822
39
3923
3949
4100
4185
4189
4190
4225
4269
4491
460
4636
478
488
5018
5077
5099
5322
5341
5463
5508
5548
5638
5712
5739
5771
5827
600
6031
604
6251
6258
627
6298
6299
63
6501
6707
6815
6880
700
7113
7173
7181
7185
7238
7255
7346
736
7514
7741
790
797
8241
8292
8376
8435
8527
856
877
888
9301
9337
9342
9347
9454
9577
9746
9764
9818
9956