
 32

(((((((amblysomus_hottentotus: 0.044303, chrysospalax_trevelyani: 0.061532): 0.016101, eremitalpa_granti: 0.061610): 0.019460, chrysochloris_asiatica: 0.039875): 0.128624, ((oryzorictes: 0.133881, (tenrec_ecaudatus: 0.162255, echinops_telfairi: 0.177758): 0.014685): 0.043948, micropotamogale_lamottei: 0.238720): 0.030901): 0.043732, (((((elephantulus_brachyrhynchus: 0.026161, elephantulus_rufescens: 0.018879): 0.091425, elephantulus_intufi: 0.134501): 0.027102, ((elephantulus_myurus: 0.007515, elephantulus_sp_vb001: 0.002346): 0.040660, elephantulus_edwardii: 0.095098): 0.039638): 0.038591, (((macroscelides_flavicaudatus: 0.039345, macroscelides_proboscideus: 0.032322): 0.100261, macroscelides_micus: 0.139235): 0.028894, (petrosaltator_rozeti: 0.092457, petrodromus_tetradactylus: 0.132219): 0.047693): 0.009204): 0.165085, (rhynchocyon_cirnei_reichardi: 0.010783, rhynchocyon_udzungwensis: 0.000000): 0.220916): 0.053323): 0.000000, orycteropus_afer: 0.202014): 0.017615, ((((loxodonta_africana: 0.016424, loxodonta_cyclotis: 0.008036): 0.004431, elephas_maximus: 0.005454): 0.231985, (trichechus_manatus: 0.063086, dugong_dugon: 0.054003): 0.069095): 0.020284, (procavia_capensis: 0.043286, dendrohyrax_dorsalis: 0.062260): 0.165379): 0.075100, ((zaglossus_bruijni: 0.017463, tachyglossus_aculeatus: 0.020938): 0.094083, ornithorhynchus_anatinus: 0.073120): 0.654258);

  0.017615  0.000000  0.043732  0.128624  0.019460  0.016101  0.044303  0.061532  0.061610  0.039875  0.030901  0.043948  0.133881  0.014685  0.162255  0.177758  0.238720  0.053323  0.165085  0.038591  0.027102  0.091425  0.026161  0.018879  0.134501  0.039638  0.040660  0.007515  0.002346  0.095098  0.009204  0.028894  0.100261  0.039345  0.032322  0.139235  0.047693  0.092457  0.132219  0.220916  0.010783  0.000000  0.202014  0.075100  0.020284  0.231985  0.004431  0.016424  0.008036  0.005454  0.069095  0.063086  0.054003  0.165379  0.043286  0.062260  0.654258  0.094083  0.017463  0.020938  0.073120

  0.000000 -45.816796  0.000000  0.000000  0.000000  0.000000  0.000000  0.000000  0.000000  0.000000  0.000000  0.000000  0.000000  0.000000  0.000000  0.000000  0.000000  0.000000  0.000000  0.000000  0.000000  0.000000  0.000000  0.000000  0.000000  0.000000  0.000000  0.000000  0.000000  0.000000  0.000000  0.000000  0.000000  0.000000  0.000000  0.000000  0.000000  0.000000  0.000000  0.000000  0.000000 -22.245522  0.000000  0.000000  0.000000  0.000000  0.000000  0.000000  0.000000  0.000000  0.000000  0.000000  0.000000  0.000000  0.000000  0.000000  0.000000  0.000000  0.000000  0.000000  0.000000


Hessian

      -8863      -3064      -1397      12.03     -671.9      403.4      61.64      416.6      575.7     -861.4     -257.2     -16.83     -7.202        367      218.9      376.3     -1.803       -647     -391.8      247.7      542.4     -166.2      307.2     -893.2      374.6      502.7      34.57      118.2     -998.4      761.4      507.9      132.1        143      273.5      676.6      574.7      215.8     -180.7      51.75     -60.21      -1559     -851.3     -390.5      -5131      -1703      184.6       1461     -84.38       1555       1523     -352.3      252.1      249.4      109.8     -86.39     -894.9     -42.22     -47.81       1254       1479     -171.8
      -3064      -8887      -2025     -172.2     -244.4      391.9      388.6     -355.4      190.9     -426.6     -545.2     -130.1     -52.67      163.5      43.37      204.5     -30.04     -645.2     -276.7      166.6      479.9      149.3      123.4      35.41      385.6      366.5      587.6     -212.2      878.7        414      246.6      322.3     -353.9      129.6      264.2      293.3     -51.73      42.04     -83.06      8.194      -1073     -584.4     -981.8      -1801     -303.7      283.5     -440.2      62.96      995.3     -22.99       72.9      407.2      518.9      137.6      80.35     -166.3     -3.147     -154.9      784.2      635.9     -321.1
      -1397      -2025 -1.062e+04     -870.6     -315.7      260.8      607.9     -15.33     -167.7     -482.8      -1246     -623.7      95.45     -270.7      31.76     -194.5     -142.4     -435.4     -235.6      444.9      836.7      211.4     -523.3      240.6      282.3      -9.22     -300.9      513.4       2084      499.2      427.5      104.3     -61.92      391.9      148.5      239.2      50.01      104.8      295.5      6.954      -1320     -723.4     -371.2     -911.2     -295.4      311.1     -152.3      -1248       1954       1202      30.97      357.9      233.1      86.49      481.5      540.4      38.04     -129.7      630.9      528.8     -125.8
      12.03     -172.2     -870.6      -5730     -444.8     -828.1      70.74     -494.3     -527.3     -794.8     -730.7     -101.2     -25.92      30.75     -170.4    -0.5178         89      157.5      263.3       84.5        763      365.7     -86.76      -1023      256.5      146.1      322.8     -292.7       2040      92.03      716.3        648        648     -125.7     -638.4      306.4      175.4      431.9      364.4      78.22     -45.81     -80.65       -185     -243.4     -38.03      76.74        745       1074       1996     -401.9     -105.6      379.5      567.2     -203.8      604.7      242.1         39      155.7       1079      323.7        222
     -671.9     -244.4     -315.7     -444.8 -3.533e+04      -4893      -3499      -1392      -2372 -1.418e+04     -398.7     -191.4      156.4        137      -96.5      160.1     -21.61      141.6        466      530.9      325.6      653.8      797.4     -363.6      222.6      -1921      998.7       2228       1504       1142       1337      648.7       1492      493.1      110.9       1000      -57.2      265.7      403.4      159.6      313.8      118.6     -65.71       -490     -566.1       46.3       2488     -252.9       3895      643.1      70.86      904.6      857.7      189.7     -54.03      709.7       72.1     -52.12      843.1     -529.3      65.13
      403.4      391.9      260.8     -828.1      -4893 -5.052e+04      -6524      -3733      -4880      -4870        914      779.1      256.5      978.9       1443      890.8      121.4      826.9      750.3      141.1      622.4      866.1       1350       1185      884.7     -485.8        580       4405       5185      201.4      886.5      499.7      720.8     -128.4      329.5      265.6     -252.1      94.21      333.6     -171.3      -2258      -1365      721.3      531.3       1105     -243.9      -2955     -758.6      -3574      -7315       1115       1496      622.7      27.26       1210      772.6      187.6     -932.6      320.8     -86.35     -369.6
      61.64      388.6      607.9      70.74      -3499      -6524 -2.758e+04      -4158      -2381      -4223      581.3      75.28     -12.79      57.66      678.3      104.8     -6.312      273.2      225.5      461.2       1183        478       1761      -1667      350.1      942.7      155.4     -74.57      550.8      640.2       1296     -218.3      89.23     -678.6     -521.3      224.9       1065      192.8      337.4      102.7      -1841      -1040      514.5      13.51      138.2        127       3113       2047       1525       1731      53.18      525.8      362.4      437.6      65.16      -37.8      48.44     -194.7      453.5       49.4     -173.8
      416.6     -355.4     -15.33     -494.3      -1392      -3733      -4158 -2.105e+04      -1857      -1634     -94.27     -254.5      159.9      17.46      348.6     -24.14     -14.14      326.1      366.2      280.9      448.9      34.79       1725       1011      611.5        983     -14.82       3876      -4741     -404.9      193.1      492.6      539.3      68.82       15.8        194     -764.9      605.8      318.1       2.93      500.9      158.3      602.7      362.2      483.5      34.56     -436.3       1077       3494     -640.1     -19.24     -392.9     -298.7     -220.1     -231.2       -527      138.3     -163.1     -92.25     -174.5      80.15
      575.7      190.9     -167.7     -527.3      -2372      -4880      -2381      -1857 -2.074e+04      -1821     -546.9      77.32     -33.02      328.8      578.8      264.8     -129.7      248.8      251.9      388.5      593.7      272.4      318.8      -1491      751.9       1027      663.4       2355       2580       1296      986.6      181.9      543.1     -774.9      -1860      740.4       -162     -120.1        407     -15.86       1361      634.8      423.5      292.7     -137.9      197.6      -2815      -3628      213.4      -4351     -191.2      322.4       1297      347.1        453      701.6      60.47       61.5     -578.6      -1883      208.9
     -861.4     -426.6     -482.8     -794.8 -1.418e+04      -4870      -4223      -1634      -1821 -2.519e+04     -161.6     -383.1      530.5     -541.8      160.3      305.6     -46.41      -88.5      261.8      506.8      193.3     -614.5        385      243.7      782.5      314.6      805.8      33.09       2732       1643       1285      454.5       1154     -533.5     -254.4     -98.75        217      417.5       76.3      152.9      46.22     0.6498     -168.4       -625     -463.6      50.91       2981        108       4133     -842.5      613.9      647.1     -172.8     -2.139      690.7      441.2      148.4      725.6      171.9      12.87      669.1
     -257.2     -545.2      -1246     -730.7     -398.7        914      581.3     -94.27     -546.9     -161.6 -1.256e+04      -2599     -12.22      -1643     -251.5     -170.7     -512.4     -339.6      31.64      643.3      788.1      268.7     -141.5      393.9      492.4      100.3      738.2       1307       1174      545.8      150.8     -964.1        214      932.9      933.1      365.1      106.6      105.5      128.3     -72.02     -225.2     -122.9     -237.4     -459.1      438.3      228.2      694.1       1091      171.8       1127      548.8      181.3      146.9      29.27      798.5      931.1     -9.074     -183.3     -39.62     -154.2      7.023
     -16.83     -130.1     -623.7     -101.2     -191.4      779.1      75.28     -254.5      77.32     -383.1      -2599      -9812     -471.3      -5137     -581.2     -667.2     -150.7     -276.9     -46.51      194.4     -185.1        619      314.2     -356.1      423.4      129.1      830.8      753.6       1978      289.9      -1804     -198.4      360.5      926.5       1074      51.52     -135.2      293.7      538.7     -52.49      510.8      241.2       1.19      170.8      538.7      402.4       1720     -425.6      265.3       1686      662.7      270.1      551.8      286.7      695.2      417.9     -62.26        387      115.2     -67.92      421.4
     -7.202     -52.67      95.45     -25.92      156.4      256.5     -12.79      159.9     -33.02      530.5     -12.22     -471.3      -1908     -339.4     -96.95     -249.7      29.61      3.656      135.4     -18.81     -45.27      216.5     -292.8       -173      158.4      186.1      -5.24     -123.4     -395.7      230.2     -61.94      253.9      99.92      433.6      314.3     -37.12      286.7      51.48      213.6     -14.71      231.7      85.67      55.53     -153.7      118.8      7.569      224.9      856.1     -833.2     -9.897    -0.6915      155.3      100.7      32.12      3.776     -39.05      67.38      16.65      134.3      171.6      88.21
        367      163.5     -270.7      30.75        137      978.9      57.66      17.46      328.8     -541.8      -1643      -5137     -339.4 -1.567e+04      -1346      -1263     -24.41      191.4      258.9     -58.91      92.13      685.6      485.3     -438.7      67.32      653.6      918.7       2038       2094      500.8     -246.8     -9.258        591       1024       1161     -290.8      438.7      353.1      199.7      84.44     -912.3       -410     -47.56      353.7      673.7      55.36       1190      367.2     -139.3       1019      618.6      512.3      672.3      51.31      567.4      405.5      133.8      296.7      484.9      181.2      317.5
      218.9      43.37      31.76     -170.4      -96.5       1443      678.3      348.6      578.8      160.3     -251.5     -581.2     -96.95      -1346      -4179     -307.8     -40.44      113.5      235.9      262.1      505.6      180.1     -81.33      110.7      183.3        175     -106.2       1396      383.1      325.8      479.8      304.1      415.1      917.2       1117      366.1      383.6       61.2      537.8      94.34      -1135       -487     -179.4        244      446.7      75.64      842.5      425.1      929.3      882.7      114.6      619.2      609.2     -25.16       67.3     -61.42      38.71     -114.2      523.7      210.7     -113.7
      376.3      204.5     -194.5    -0.5178      160.1      890.8      104.8     -24.14      264.8      305.6     -170.7     -667.2     -249.7      -1263     -307.8      -4133     -37.12      324.6      283.8      505.4      258.1      380.3      375.3      864.8       14.4      459.9      199.9      641.9     -315.7      130.9      543.8      228.2        335        213       91.6     -50.92      365.1      222.3      235.6      92.71        313      194.3      161.6      280.7      312.9      123.5      538.7      39.72      519.3      710.8      151.6     -128.6      89.23      87.27      408.2      328.8      9.467      128.5     -273.6     -549.6      246.7
     -1.803     -30.04     -142.4         89     -21.61      121.4     -6.312     -14.14     -129.7     -46.41     -512.4     -150.7      29.61     -24.41     -40.44     -37.12      -2709     -65.01      89.88      630.9      468.3      437.9     -10.43      811.9        321        213      682.9      705.5     -158.5        246      700.1      328.2      167.4      378.2      452.8      241.9      331.2      300.9      207.9     -38.77      51.79      52.75     -24.79      174.7      137.7      278.9      268.3       1064      343.8      859.2      119.7     -225.7      115.4     -80.43      252.9      207.9     -21.63      123.3      519.1      91.25      181.5
       -647     -645.2     -435.4      157.5      141.6      826.9      273.2      326.1      248.8      -88.5     -339.6     -276.9      3.656      191.4      113.5      324.6     -65.01      -3497      -2365      121.7      424.2      190.7     -198.1      74.64     -13.11      340.1      132.8     -81.65       1695      150.6     -52.57     -69.62     -280.5        344      252.4     -55.76      179.4     -116.2      196.3     -182.7      368.4      141.4     -118.1     -403.9       -457      168.3     -245.1     -68.89     -715.3      665.3      70.09        466      163.2      296.9      92.09        217      43.63      2.436      179.3      157.7     -102.2
     -391.8     -276.7     -235.6      263.3        466      750.3      225.5      366.2      251.9      261.8      31.64     -46.51      135.4      258.9      235.9      283.8      89.88      -2365      -2959     -61.48      271.8      59.46      184.2      183.9       -151      285.2     -150.2      220.8       1415      94.25     -380.9     -379.4     -444.5      306.3      202.1     -239.4      153.5      -18.2      258.9      -3.88      413.3      181.8      46.18     -367.1     -332.8      188.6     -653.7     -105.9     -775.7      192.8      9.464      139.9     -12.73      285.2     -211.8     -24.39      37.05      56.84     -28.18      173.2     -76.44
      247.7      166.6      444.9       84.5      530.9      141.1      461.2      280.9      388.5      506.8      643.3      194.4     -18.81     -58.91      262.1      505.4      630.9      121.7     -61.48 -1.614e+04      -1530     -23.61     -6.991        186       80.8      -2204     -671.9        564      931.6      282.5      -7273      -2225     -931.2     -646.4     -480.4     -656.9      -1479     -492.6     -254.3      11.95      -1287     -675.9      263.8      236.4      173.7      67.87       2603       2277     -400.7       1662      92.86      369.4        553      73.83      776.9      561.5      121.2      196.5      706.2      840.6      356.4
      542.4      479.9      836.7        763      325.6      622.4       1183      448.9      593.7      193.3      788.1     -185.1     -45.27      92.13      505.6      258.1      468.3      424.2      271.8      -1530 -2.206e+04      -2689      125.8     -478.6      -1225      -2744      -1906       2358       1266      -1145     -859.3     -183.5       33.7     -737.7      428.1     -431.3     -384.5      562.6       -103      193.7      -1674     -405.5       -226      122.1      603.7      228.5      -1363      -1060       2213      -1782      420.2     -37.33      68.81      790.4     -309.7        787      181.6      780.6      18.63       1336      693.7
     -166.2      149.3      211.4      365.7      653.8      866.1        478      34.79      272.4     -614.5      268.7        619      216.5      685.6      180.1      380.3      437.9      190.7      59.46     -23.61      -2689  -1.01e+04      138.6      28.97      70.31     -555.5     -119.5       1989       3263     -493.9      233.5      82.72      56.32     -783.6      312.1     -192.5     -385.2     -373.6        138      167.6      620.5      326.7      254.7     -100.1     -482.3      59.22       -683      214.7       1581      -1618      59.24      121.8     -42.82      183.1      401.8      334.7      46.46        296      -1013      420.2      224.6
      307.2      123.4     -523.3     -86.76      797.4       1350       1761       1725      318.8        385     -141.5      314.2     -292.8      485.3     -81.33      375.3     -10.43     -198.1      184.2     -6.991      125.8      138.6 -5.538e+04 -2.359e+04      484.3       -485      229.6       1413       4309      -70.4       1162      948.1       1086     -675.1      900.2      933.4       1883      706.9      158.9     -52.32      -1770      -1043      819.6      150.3      374.7        367     -225.3     -90.78     -131.8       1875        360      764.9       1565      361.4      712.7     -399.9      237.9      276.4       2589       1063      192.1
     -893.2      35.41      240.6      -1023     -363.6       1185      -1667       1011      -1491      243.7      393.9     -356.1       -173     -438.7      110.7      864.8      811.9      74.64      183.9        186     -478.6      28.97 -2.359e+04 -6.519e+04      562.6       -723     -555.9       2625       5573     -428.3       1111     -420.1        347      14.19      229.4      855.7      189.8      -65.9      117.3     0.1322      -3799      -2052      425.5     -755.9      25.72      594.8      405.7      291.9       3389       1011     -641.7       2084      640.4     -195.9     -57.12     -569.3     -26.26       1147       1385       2684       1161
      374.6      385.6      282.3      256.5      222.6      884.7      350.1      611.5      751.9      782.5      492.4      423.4      158.4      67.32      183.3       14.4        321     -13.11       -151       80.8      -1225      70.31      484.3      562.6      -6824     -160.7     -594.7      -2052      5.605     -274.6     -291.9      112.2     -255.1      410.6       1002     -312.8      194.7      263.2     -226.8      17.09      338.6      157.5      200.1      316.2     -212.8      299.9      890.5       1821      195.2      161.7     -282.2      357.5      469.2      412.6      151.7      269.2      60.78     -124.4       1036      334.8     -20.51
      502.7      366.5      -9.22      146.1      -1921     -485.8      942.7        983       1027      314.6      100.3      129.1      186.1      653.6        175      459.9        213      340.1      285.2      -2204      -2744     -555.5       -485       -723     -160.7 -2.194e+04      -3242       2018      73.71      251.4      -1146     -355.9      425.9     -251.3      882.3      516.7     -296.9      428.3     -114.7      120.3      315.3      181.2     -298.3        289      799.9      525.4       2246       2222      576.3       1763       1239      816.2     -178.5      22.21       1380       1192      2.264     -132.6       1078       1556     -149.8
      34.57      587.6     -300.9      322.8      998.7        580      155.4     -14.82      663.4      805.8      738.2      830.8      -5.24      918.7     -106.2      199.9      682.9      132.8     -150.2     -671.9      -1906     -119.5      229.6     -555.9     -594.7      -3242 -2.461e+04       1911      -4030      -3068     -150.7      374.1      331.6      329.1      -1642     -61.44      387.2     -626.7      236.7      92.29     -344.7       28.7     -17.56      82.57      954.8      229.7        472       1430       3282        838      909.3      880.4      900.8      527.1      388.7     -372.6      216.3      247.2     -240.4     -213.3     -129.4
      118.2     -212.2      513.4     -292.7       2228       4405     -74.57       3876       2355      33.09       1307      753.6     -123.4       2038       1396      641.9      705.5     -81.65      220.8        564       2358       1989       1413       2625      -2052       2018       1911 -2.619e+05 -1.007e+05      -1214      -1081     -978.6      214.5      -3450       -117        525       2450       1175      381.1      629.7       3291       1667      738.6     -934.7        395      529.9       5222      -1333 -4.212e+04       4063      -2189     -792.9       1980     -906.9      349.5       1053      66.99       1940       -634       2859       2281
     -998.4      878.7       2084       2040       1504       5185      550.8      -4741       2580       2732       1174       1978     -395.7       2094      383.1     -315.7     -158.5       1695       1415      931.6       1266       3263       4309       5573      5.605      73.71      -4030 -1.007e+05 -6.269e+05     -32.16      -5349      730.6     -45.53     -675.4       2657       2478      -1865      -3105      -2240      -1301       2611       1303       1608     -884.8       2126      400.6       6799       1318     -866.1       5554      264.8      -3083      -1627      -2175     -327.2     -161.8      402.8      500.2       4608       5463       1566
      761.4        414      499.2      92.03       1142      201.4      640.2     -404.9       1296       1643      545.8      289.9      230.2      500.8      325.8      130.9        246      150.6      94.25      282.5      -1145     -493.9      -70.4     -428.3     -274.6      251.4      -3068      -1214     -32.16 -1.213e+04        402     -714.3     -158.7      -1386      484.2     -27.84      538.4        458     -148.3      -35.2     -184.2     -88.29      309.9      603.4      376.6      224.7     -179.2     -909.7       1198      248.6     -103.3      336.9        356     -99.25      427.4      257.7      115.2      154.8      262.4     -670.6      66.23
      507.9      246.6      427.5      716.3       1337      886.5       1296      193.1      986.6       1285      150.8      -1804     -61.94     -246.8      479.8      543.8      700.1     -52.57     -380.9      -7273     -859.3      233.5       1162       1111     -291.9      -1146     -150.7      -1081      -5349        402 -3.902e+04      -3220       -691      -3434      -1245     -908.5      -3129     -125.4     0.3178      171.1     -542.8     -330.1      362.8      222.9      430.9      523.3       2568       1409      297.6       1696     -186.1      6.568      579.3      405.8      312.1      458.8      102.8      -1235     -869.4     -181.4      119.6
      132.1      322.3      104.3        648      648.7      499.7     -218.3      492.6      181.9      454.5     -964.1     -198.4      253.9     -9.258      304.1      228.2      328.2     -69.62     -379.4      -2225     -183.5      82.72      948.1     -420.1      112.2     -355.9      374.1     -978.6      730.6     -714.3      -3220 -1.859e+04      -2403      224.4      4.868      -1451      -1146      163.5      56.74      166.1      -2009      -1080     -45.76      25.62      770.7      302.8      -2399      25.33       1791     -46.16      716.4       1486       1216     -105.7        119      958.3      -71.4      377.7      416.6       1277      304.5
        143     -353.9     -61.92        648       1492      720.8      89.23      539.3      543.1       1154        214      360.5      99.92        591      415.1        335      167.4     -280.5     -444.5     -931.2       33.7      56.32       1086        347     -255.1      425.9      331.6      214.5     -45.53     -158.7       -691      -2403      -8336      208.3     -34.19     -305.3     -422.5     -223.7     -307.6     -23.58      187.7      72.82      390.1      262.5       -477      145.5       2261        627     -501.4       1842      38.11      285.7      15.56       11.9      165.3      496.6      24.11      55.81      350.4     -102.1      165.4
      273.5      129.6      391.9     -125.7      493.1     -128.4     -678.6      68.82     -774.9     -533.5      932.9      926.5      433.6       1024      917.2        213      378.2        344      306.3     -646.4     -737.7     -783.6     -675.1      14.19      410.6     -251.3      329.1      -3450     -675.4      -1386      -3434      224.4      208.3 -3.083e+04 -1.333e+04      670.2     -261.1      354.7     -504.9      17.04      -3814      -1759      146.9     -71.16     -228.8      172.4       4361      -4056     -134.7       2353     -333.6      389.6      246.3      19.13      604.3      738.1      116.4     -164.8        640      154.6     -472.9
      676.6      264.2      148.5     -638.4      110.9      329.5     -521.3       15.8      -1860     -254.4      933.1       1074      314.3       1161       1117       91.6      452.8      252.4      202.1     -480.4      428.1      312.1      900.2      229.4       1002      882.3      -1642       -117       2657      484.2      -1245      4.868     -34.19 -1.333e+04 -3.429e+04     -148.7     -756.2      467.3      171.5      69.14      -1124     -546.9      145.2      166.8     -183.2     -216.9       1302      -3066     -155.2      -1306        385     -466.3      87.69      166.8      261.9      582.4        123      610.3      -1450      -3473      438.6
      574.7      293.3      239.2      306.4       1000      265.6      224.9        194      740.4     -98.75      365.1      51.52     -37.12     -290.8      366.1     -50.92      241.9     -55.76     -239.4     -656.9     -431.3     -192.5      933.4      855.7     -312.8      516.7     -61.44        525       2478     -27.84     -908.5      -1451     -305.3      670.2     -148.7      -6091     -501.2     -142.2     -24.34      9.422     -470.6     -274.7     -110.5      460.8        214      119.6     -592.8       1648      -1128      -1319     -123.4      72.86      179.1      299.2      679.5       1007      161.3      139.2      787.3      250.3      86.94
      215.8     -51.73      50.01      175.4      -57.2     -252.1       1065     -764.9       -162        217      106.6     -135.2      286.7      438.7      383.6      365.1      331.2      179.4      153.5      -1479     -384.5     -385.2       1883      189.8      194.7     -296.9      387.2       2450      -1865      538.4      -3129      -1146     -422.5     -261.1     -756.2     -501.2 -1.263e+04      -1598     -504.2       30.5      292.9      130.3        199      389.2        652      153.2       2458      -1372     -243.6       2068      -36.4      130.5      572.7      564.1      427.7      338.2     -80.45      314.1      -2125      -1606      304.3
     -180.7      42.04      104.8      431.9      265.7      94.21      192.8      605.8     -120.1      417.5      105.5      293.7      51.48      353.1       61.2      222.3      300.9     -116.2      -18.2     -492.6      562.6     -373.6      706.9      -65.9      263.2      428.3     -626.7       1175      -3105        458     -125.4      163.5     -223.7      354.7      467.3     -142.2      -1598      -9241     -568.4      4.808     -403.7     -240.4      379.3      130.8      161.4      168.3      891.4     -402.4       2116       1562      248.6       1098      22.66      301.3     -209.2      82.42      33.16        163       -289      161.5      200.8
      51.75     -83.06      295.5      364.4      403.4      333.6      337.4      318.1        407       76.3      128.3      538.7      213.6      199.7      537.8      235.6      207.9      196.3      258.9     -254.3       -103        138      158.9      117.3     -226.8     -114.7      236.7      381.1      -2240     -148.3     0.3178      56.74     -307.6     -504.9      171.5     -24.34     -504.2     -568.4      -6628      37.22     -599.6     -265.2      368.9      7.701     -173.4      112.5       1679       1193      548.4       1187      103.5        876      5.418        234      283.5      341.9      32.14      152.8      -1122     -1.947     -62.16
     -60.21      8.194      6.954      78.22      159.6     -171.3      102.7       2.93     -15.86      152.9     -72.02     -52.49     -14.71      84.44      94.34      92.71     -38.77     -182.7      -3.88      11.95      193.7      167.6     -52.32     0.1322      17.09      120.3      92.29      629.7      -1301      -35.2      171.1      166.1     -23.58      17.04      69.14      9.422       30.5      4.808      37.22     -726.1       12.6     -29.28      80.78     -13.22     -23.14      9.085      59.26     -232.9     -326.2      212.8       70.9      149.1      22.48     -110.8      67.79      142.2      16.04      41.04      86.11     -28.78      29.93
      -1559      -1073      -1320     -45.81      313.8      -2258      -1841      500.9       1361      46.22     -225.2      510.8      231.7     -912.3      -1135        313      51.79      368.4      413.3      -1287      -1674      620.5      -1770      -3799      338.6      315.3     -344.7       3291       2611     -184.2     -542.8      -2009      187.7      -3814      -1124     -470.6      292.9     -403.7     -599.6       12.6 -4.912e+04 -2.379e+04     -380.5     -639.4     -11.25      261.8       2095       1461      765.3       2224      380.1       1357      315.8        137     -24.45       -200      67.97     -797.9       1155       1242     -939.3
     -851.3     -584.4     -723.4     -80.65      118.6      -1365      -1040      158.3      634.8     0.6498     -122.9      241.2      85.67       -410       -487      194.3      52.75      141.4      181.8     -675.9     -405.5      326.7      -1043      -2052      157.5      181.2       28.7       1667       1303     -88.29     -330.1      -1080      72.82      -1759     -546.9     -274.7      130.3     -240.4     -265.2     -29.28 -2.379e+04 -1.186e+04     -126.3     -382.2     -82.25      93.95       1019      685.3      319.2       1087      127.9      647.9      114.4      5.936     -85.49     -192.9      24.48     -485.1      543.5      588.7     -559.4
     -390.5     -981.8     -371.2       -185     -65.71      721.3      514.5      602.7      423.5     -168.4     -237.4       1.19      55.53     -47.56     -179.4      161.6     -24.79     -118.1      46.18      263.8       -226      254.7      819.6      425.5      200.1     -298.3     -17.56      738.6       1608      309.9      362.8     -45.76      390.1      146.9      145.2     -110.5        199      379.3      368.9      80.78     -380.5     -126.3      -3546     -288.9     -13.08      67.35      -1206      927.8       2269      748.8     -92.63      84.51      851.2      -81.7      162.2     -115.7        116      280.7      514.1      918.6      321.4
      -5131      -1801     -911.2     -243.4       -490      531.3      13.51      362.2      292.7       -625     -459.1      170.8     -153.7      353.7        244      280.7      174.7     -403.9     -367.1      236.4      122.1     -100.1      150.3     -755.9      316.2        289      82.57     -934.7     -884.8      603.4      222.9      25.62      262.5     -71.16      166.8      460.8      389.2      130.8      7.701     -13.22     -639.4     -382.2     -288.9      -6319      -1795      63.88       1418     -411.9      878.2       1479     -528.8      119.6      220.9      10.18     -497.8     -497.6      63.12      58.06      854.6       1212      56.57
      -1703     -303.7     -295.4     -38.03     -566.1       1105      138.2      483.5     -137.9     -463.6      438.3      538.7      118.8      673.7      446.7      312.9      137.7       -457     -332.8      173.7      603.7     -482.3      374.7      25.72     -212.8      799.9      954.8        395       2126      376.6      430.9      770.7       -477     -228.8     -183.2        214        652      161.4     -173.4     -23.14     -11.25     -82.25     -13.08      -1795 -1.434e+04     -418.7      -2397      670.7      -1379      -1725      -3226      139.9     -32.06      -1154     -56.71      72.39      91.27     -88.36       1136      878.3     -86.25
      184.6      283.5      311.1      76.74       46.3     -243.9        127      34.56      197.6      50.91      228.2      402.4      7.569      55.36      75.64      123.5      278.9      168.3      188.6      67.87      228.5      59.22        367      594.8      299.9      525.4      229.7      529.9      400.6      224.7      523.3      302.8      145.5      172.4     -216.9      119.6      153.2      168.3      112.5      9.085      261.8      93.95      67.35      63.88     -418.7      -3197      798.8     -494.7      -1318        803     -492.7     -36.93     -593.9     -3.741      139.8      270.2      158.6      288.3      473.6      844.7      183.1
       1461     -440.2     -152.3        745       2488      -2955       3113     -436.3      -2815       2981      694.1       1720      224.9       1190      842.5      538.7      268.3     -245.1     -653.7       2603      -1363       -683     -225.3      405.7      890.5       2246        472       5222       6799     -179.2       2568      -2399       2261       4361       1302     -592.8       2458      891.4       1679      59.26       2095       1019      -1206       1418      -2397      798.8 -2.615e+05       2194      -5877 -1.653e+05      809.3      945.3      -1982     -290.7     -650.2       1706      249.9       1919      795.5       2678       1854
     -84.38      62.96      -1248       1074     -252.9     -758.6       2047       1077      -3628        108       1091     -425.6      856.1      367.2      425.1      39.72       1064     -68.89     -105.9       2277      -1060      214.7     -90.78      291.9       1821       2222       1430      -1333       1318     -909.7       1409      25.33        627      -4056      -3066       1648      -1372     -402.4       1193     -232.9       1461      685.3      927.8     -411.9      670.7     -494.7       2194 -1.261e+05     -354.5       1645     -85.61        968     -777.9      282.3      -1627      670.8      28.23      978.4      552.2      344.4      522.2
       1555      995.3       1954       1996       3895      -3574       1525       3494      213.4       4133      171.8      265.3     -833.2     -139.3      929.3      519.3      343.8     -715.3     -775.7     -400.7       2213       1581     -131.8       3389      195.2      576.3       3282 -4.212e+04     -866.1       1198      297.6       1791     -501.4     -134.7     -155.2      -1128     -243.6       2116      548.4     -326.2      765.3      319.2       2269      878.2      -1379      -1318      -5877     -354.5 -2.568e+05      -6001       1820      -2967     -397.4     -350.4     -655.5       1999        448       1303       3966       3983       1196
       1523     -22.99       1202     -401.9      643.1      -7315       1731     -640.1      -4351     -842.5       1127       1686     -9.897       1019      882.7      710.8      859.2      665.3      192.8       1662      -1782      -1618       1875       1011      161.7       1763        838       4063       5554      248.6       1696     -46.16       1842       2353      -1306      -1319       2068       1562       1187      212.8       2224       1087      748.8       1479      -1725        803 -1.653e+05       1645      -6001 -2.442e+05       1106        607     -526.1        220       1227     -772.6      3.997       1097       1436       2830       1032
     -352.3       72.9      30.97     -105.6      70.86       1115      53.18     -19.24     -191.2      613.9      548.8      662.7    -0.6915      618.6      114.6      151.6      119.7      70.09      9.464      92.86      420.2      59.24        360     -641.7     -282.2       1239      909.3      -2189      264.8     -103.3     -186.1      716.4      38.11     -333.6        385     -123.4      -36.4      248.6      103.5       70.9      380.1      127.9     -92.63     -528.8      -3226     -492.7      809.3     -85.61       1820       1106      -9549     -211.9     -332.2     -384.8      196.3      355.7      62.03      123.7      623.3        900      223.5
      252.1      407.2      357.9      379.5      904.6       1496      525.8     -392.9      322.4      647.1      181.3      270.1      155.3      512.3      619.2     -128.6     -225.7        466      139.9      369.4     -37.33      121.8      764.9       2084      357.5      816.2      880.4     -792.9      -3083      336.9      6.568       1486      285.7      389.6     -466.3      72.86      130.5       1098        876      149.1       1357      647.9      84.51      119.6      139.9     -36.93      945.3        968      -2967        607     -211.9 -1.632e+04      -7006     -91.77      257.2      73.16      30.97     -55.98      -1503      -1518     -26.92
      249.4      518.9      233.1      567.2      857.7      622.7      362.4     -298.7       1297     -172.8      146.9      551.8      100.7      672.3      609.2      89.23      115.4      163.2     -12.73        553      68.81     -42.82       1565      640.4      469.2     -178.5      900.8       1980      -1627        356      579.3       1216      15.56      246.3      87.69      179.1      572.7      22.66      5.418      22.48      315.8      114.4      851.2      220.9     -32.06     -593.9      -1982     -777.9     -397.4     -526.1     -332.2      -7006 -1.752e+04      276.3      243.6      304.9      58.38      465.4     -683.6      -1148      281.7
      109.8      137.6      86.49     -203.8      189.7      27.26      437.6     -220.1      347.1     -2.139      29.27      286.7      32.12      51.31     -25.16      87.27     -80.43      296.9      285.2      73.83      790.4      183.1      361.4     -195.9      412.6      22.21      527.1     -906.9      -2175     -99.25      405.8     -105.7       11.9      19.13      166.8      299.2      564.1      301.3        234     -110.8        137      5.936      -81.7      10.18      -1154     -3.741     -290.7      282.3     -350.4        220     -384.8     -91.77      276.3      -4413     -915.5     -550.3      80.99     -28.06      806.8      740.7      72.56
     -86.39      80.35      481.5      604.7     -54.03       1210      65.16     -231.2        453      690.7      798.5      695.2      3.776      567.4       67.3      408.2      252.9      92.09     -211.8      776.9     -309.7      401.8      712.7     -57.12      151.7       1380      388.7      349.5     -327.2      427.4      312.1        119      165.3      604.3      261.9      679.5      427.7     -209.2      283.5      67.79     -24.45     -85.49      162.2     -497.8     -56.71      139.8     -650.2      -1627     -655.5       1227      196.3      257.2      243.6     -915.5  -2.22e+04      -9201      251.8      708.8       1114      280.6      782.4
     -894.9     -166.3      540.4      242.1      709.7      772.6      -37.8       -527      701.6      441.2      931.1      417.9     -39.05      405.5     -61.42      328.8      207.9        217     -24.39      561.5        787      334.7     -399.9     -569.3      269.2       1192     -372.6       1053     -161.8      257.7      458.8      958.3      496.6      738.1      582.4       1007      338.2      82.42      341.9      142.2       -200     -192.9     -115.7     -497.6      72.39      270.2       1706      670.8       1999     -772.6      355.7      73.16      304.9     -550.3      -9201 -1.788e+04      238.3      494.7      755.9       1162      706.5
     -42.22     -3.147      38.04         39       72.1      187.6      48.44      138.3      60.47      148.4     -9.074     -62.26      67.38      133.8      38.71      9.467     -21.63      43.63      37.05      121.2      181.6      46.46      237.9     -26.26      60.78      2.264      216.3      66.99      402.8      115.2      102.8      -71.4      24.11      116.4        123      161.3     -80.45      33.16      32.14      16.04      67.97      24.48        116      63.12      91.27      158.6      249.9      28.23        448      3.997      62.03      30.97      58.38      80.99      251.8      238.3     -446.8      42.25     -219.8     -287.5     -6.273
     -47.81     -154.9     -129.7      155.7     -52.12     -932.6     -194.7     -163.1       61.5      725.6     -183.3        387      16.65      296.7     -114.2      128.5      123.3      2.436      56.84      196.5      780.6        296      276.4       1147     -124.4     -132.6      247.2       1940      500.2      154.8      -1235      377.7      55.81     -164.8      610.3      139.2      314.1        163      152.8      41.04     -797.9     -485.1      280.7      58.06     -88.36      288.3       1919      978.4       1303       1097      123.7     -55.98      465.4     -28.06      708.8      494.7      42.25      -6783     -90.42         59      -4902
       1254      784.2      630.9       1079      843.1      320.8      453.5     -92.25     -578.6      171.9     -39.62      115.2      134.3      484.9      523.7     -273.6      519.1      179.3     -28.18      706.2      18.63      -1013       2589       1385       1036       1078     -240.4       -634       4608      262.4     -869.4      416.6      350.4        640      -1450      787.3      -2125       -289      -1122      86.11       1155      543.5      514.1      854.6       1136      473.6      795.5      552.2       3966       1436      623.3      -1503     -683.6      806.8       1114      755.9     -219.8     -90.42 -6.408e+04 -2.783e+04     -107.7
       1479      635.9      528.8      323.7     -529.3     -86.35       49.4     -174.5      -1883      12.87     -154.2     -67.92      171.6      181.2      210.7     -549.6      91.25      157.7      173.2      840.6       1336      420.2       1063       2684      334.8       1556     -213.3       2859       5463     -670.6     -181.4       1277     -102.1      154.6      -3473      250.3      -1606      161.5     -1.947     -28.78       1242      588.7      918.6       1212      878.3      844.7       2678      344.4       3983       2830        900      -1518      -1148      740.7      280.6       1162     -287.5         59 -2.783e+04 -5.859e+04      380.4
     -171.8     -321.1     -125.8        222      65.13     -369.6     -173.8      80.15      208.9      669.1      7.023      421.4      88.21      317.5     -113.7      246.7      181.5     -102.2     -76.44      356.4      693.7      224.6      192.1       1161     -20.51     -149.8     -129.4       2281       1566      66.23      119.6      304.5      165.4     -472.9      438.6      86.94      304.3      200.8     -62.16      29.93     -939.3     -559.4      321.4      56.57     -86.25      183.1       1854      522.2       1196       1032      223.5     -26.92      281.7      72.56      782.4      706.5     -6.273      -4902     -107.7      380.4      -7326
