
 46

(((((((((((((((((lepus_granatensis: 0.003209, lepus_arcticus: 0.000000): 0.000000, lepus_othus: 0.000454): 0.000000, lepus_timidus: 0.002282): 0.000000, lepus_coreanus: 0.001367): 0.003298, ((lepus_tolai: 0.002317, lepus_capensis: 0.000421): 0.006854, lepus_corsicanus: 0.004478): 0.001021): 0.001442, lepus_townsendii: 0.006471): 0.005756, lepus_yarkandensis: 0.031029): 0.000000, (lepus_sinensis: 0.017936, lepus_mandshuricus: 0.012630): 0.000000): 0.007408, (lepus_comus: 0.013632, lepus_oiostolus: 0.020398): 0.012835): 0.000000, ((((lepus_californicus_melanotis: 0.001042, lepus_californicus: 0.003021): 0.015133, lepus_americanus: 0.022777): 0.003949, lepus_saxatilis: 0.023523): 0.001348, lepus_brachyurus: 0.035338): 0.002189): 0.006084, lepus_hainanus: 0.017688): 0.000533, lepus_europaeus: 0.021207): 0.049278, ((((sylvilagus_aquaticus: 0.079818, sylvilagus_palustris: 0.046561): 0.001016, (sylvilagus_nuttallii: 0.010645, sylvilagus_audubonii: 0.010380): 0.032300): 0.000978, sylvilagus_obscurus: 0.025157): 0.001729, sylvilagus_floridanus: 0.015409): 0.039331): 0.003941, (((nesolagus_timinsi: 0.119509, nesolagus_netscheri: 0.060436): 0.077668, (pentalagus_furnessi: 0.060364, bunolagus_monticularis: 0.104494): 0.000000): 0.007198, (romerolagus_diazi: 0.065007, brachylagus_idahoensis: 0.114450): 0.008827): 0.000000): 0.000000, ((((pronolagus_rupestris: 0.035095, pronolagus_saundersiae: 0.063296): 0.016718, pronolagus_randensis: 0.062550): 0.027083, pronolagus_crassicaudatus: 0.088976): 0.087485, caprolagus_hispidus: 0.057534): 0.016436): 0.000000, oryctolagus_cuniculus: 0.064021): 0.234611, ((ochotona_curzoniae: 0.096440, ochotona_hyperborea: 0.034525): 0.000000, (ochotona_princeps: 0.029119, ochotona_collaris: 0.030840): 0.023458): 0.230855, ((zaglossus_bruijni: 0.025403, tachyglossus_aculeatus: 0.012555): 0.122678, ornithorhynchus_anatinus: 0.065978): 0.963312);

  0.234611  0.000000  0.000000  0.003941  0.049278  0.000533  0.006084  0.000000  0.007408  0.000000  0.005756  0.001442  0.003298  0.000000  0.000000  0.000000  0.003209  0.000000  0.000454  0.002282  0.001367  0.001021  0.006854  0.002317  0.000421  0.004478  0.006471  0.031029  0.000000  0.017936  0.012630  0.012835  0.013632  0.020398  0.002189  0.001348  0.003949  0.015133  0.001042  0.003021  0.022777  0.023523  0.035338  0.017688  0.021207  0.039331  0.001729  0.000978  0.001016  0.079818  0.046561  0.032300  0.010645  0.010380  0.025157  0.015409  0.000000  0.007198  0.077668  0.119509  0.060436  0.000000  0.060364  0.104494  0.008827  0.065007  0.114450  0.016436  0.087485  0.027083  0.016718  0.035095  0.063296  0.062550  0.088976  0.057534  0.064021  0.230855  0.000000  0.096440  0.034525  0.023458  0.029119  0.030840  0.963312  0.122678  0.025403  0.012555  0.065978

  0.000000 -78.277771 -89.337335 -0.006029  0.000000 -0.006908  0.000000 -214.855716  0.000000 -16.166818  0.000000  0.000000  0.000000 -1142.848052 -1156.959317 -1157.107410  0.000000 -1157.106228  0.011950  0.000000  0.000000  0.005801  0.000000  0.000000  0.000000  0.000000  0.000000  0.000000 -179.317693  0.000000  0.000000  0.000000  0.000000  0.000000  0.000000  0.000000  0.000000  0.000000  0.000000  0.000000  0.000000  0.000000  0.000000  0.000000  0.000000  0.000000  0.000000  0.000000 -0.007573  0.000000  0.000000  0.000000  0.000000  0.000000  0.000000  0.000000 -10.088697  0.000000  0.000000  0.000000  0.000000 -2.156394  0.000000  0.000000  0.000000  0.000000  0.000000  0.000000  0.000000  0.000000  0.000000  0.000000  0.000000  0.000000  0.000000  0.000000  0.000000  0.000000 -8.415454  0.000000  0.000000  0.000000  0.000000  0.000000  0.000000  0.000000  0.000000  0.000000  0.000000


Hessian

     -951.1      78.23      69.54     -121.8         56      617.1      52.81      367.8      946.1      230.5      497.7      222.9     -744.9      167.4        168        168     -884.7        168      319.5      942.1      469.6       1577        429      602.5       1505      682.5      267.2      10.33      234.2      523.3      67.34     -108.5      40.51      -60.2      359.5      446.3      329.9     -199.5        546     -116.1      142.7     -52.56      142.5      503.8      471.1      61.04     -558.8       -317      119.3       60.6      45.82      64.34      224.3      141.9      67.59      134.8        103     -85.19      69.13     -19.02      129.8     -187.5     -127.6       42.9     -105.2      104.8     -61.98      116.4      55.86     -44.71     -15.97      45.46     -111.8       53.5      32.93      174.2      451.7     -612.6       59.2        136        117      36.68      195.4      252.9      43.75      268.1      454.5      412.3        277
      78.23      -6808      -4205      -6487      -1381      -1330       -419      754.9       1832      637.7      321.3       2972     -528.2        180        182        182       1362        182       3076       3314       1245       2688       1817      -1483       1378     -505.9      648.6      383.4     -305.2      -1277      198.3      452.6      138.6      36.81     -380.6      -1833      -1170     -386.4      587.8     -353.2       1350      223.3      77.24     -278.1     -75.73     -238.3      460.6        574     -422.7     -5.132     -287.3      193.6     -204.5      232.2       -116       -151     -115.5      177.7     -59.64      152.3     -169.5     -13.09      15.16     -20.94      212.5      238.7      139.3      88.01      104.5      164.9      328.3      147.2      273.5      141.3     0.1264        121      -7401     -13.22      132.7     -142.4      438.6      483.6      489.3      335.9      71.55       82.9     -382.4     -661.7      121.7
      69.54      -4205      -9537   -1.5e+04      -2221     -565.1      634.2      684.6      986.6      460.8       1259       3281       -518      233.5      235.1        235       1461        235       3176       3345       1487       2789       1943      -1792       1473     -423.9       1997      596.5     -239.3     -858.9      650.7       -295      454.5      -2656      -2402 -1.795e+04      -1022     -349.9      587.8     -316.7       1365      30.19      351.7       -305     -68.95     -635.1     -635.3        579      -1031     -105.9     -208.2      -1696     -80.81      564.7     -758.8     -963.6      -2791      -1040     -77.69      229.3     -150.8     -531.2     -983.7     -321.6     -556.5     -661.7     -162.4      -1939      96.86      265.9     -283.8      173.3      227.9     -634.8      261.5     -543.4      -5758      117.8      403.9     -95.62      392.1      691.5      858.6     -316.8       61.7      88.58      330.5      132.6      65.35
     -121.8      -6487   -1.5e+04 -8.521e+04      -5514      -1397      -5657       1409       2256      990.1       3044       6286 -2.884e+04      463.9      563.5      563.9      53.37      563.9       6272       5566      -3355       5327       3978      -2394       3011      -2929       3779       1723     -609.1      -1410      -5548      391.5       1358      -6305     -679.5      -1434      91.69     -543.4       1120     -480.1       2583      487.9      946.8      -1554      -1122      -4184       1173 -1.367e+04      315.5      867.2      993.7      -6242      159.4      706.1     -419.8      -1979      -1147     -106.6     -912.3      686.2        524     -737.8      -1668     -318.8      -1591      -1215      -1262      -1303      -1938      -2376      593.9     -99.89        914     -963.1        174      764.6      -8328      28.21       1007      775.2       1387       1812       2062       2290      25.95        652      753.1      164.2      689.3
         56      -1381      -2221      -5514 -2.037e+04 -1.182e+04      -4356       1027       2806     -591.4     -929.6      -5893      -1462      765.3      826.6      827.1      -2842      827.1       6987      599.2      -6149      -5132       3231      -3982  -2.54e+04       1421       5470      792.9        506       1657      821.7      975.8      -1109     -241.2      -1655 -1.219e+04      -5044       1309       1337      -3280     -341.3       -640      777.2     -913.8      -1174      -1213     -561.4      -2844      -2751      -2317      -1028     -259.4      8.385     -416.5      -1256      -2840      -1625      324.9     -492.9      310.7     -179.7      133.4      721.1      217.8      103.4      726.1     -92.77      419.7     -86.44     -864.9      354.1     -181.2      211.5        337     -36.74      285.4      -3362       86.3      496.4      944.5      237.2       1441       1568       2749      134.7      557.1      403.2      985.5      571.2
      617.1      -1330     -565.1      -1397 -1.182e+04 -2.923e+05 -1.829e+04      2.249     -69.05      -1606      -2578       5162       6030       1409       1411       1411       5969       1411       8850       8192       3164      -5246      -1691      -6431       8684       6582       7945      799.5      -7547 -1.394e+04       1580      200.6       1113      -7829      -2676      -3959      -1244        859       2841       1265      -5719      -6704       1211      -7365 -6.758e+04     -786.3     -810.5     -887.2     -9.847      586.3      -3724      -1208     -538.3      -1482      274.9      -3729      452.8     -424.3      -1018      132.9      -3322     -368.6     -283.3       -938      392.8      194.5        434      283.9      357.5        508      171.6      68.21      387.2      546.2      397.5      808.6      -4102        750      403.7     -635.6       1283       1792       6180       6655      174.4       1622       51.7       2674       1357
      52.81       -419      634.2      -5657      -4356 -1.829e+04 -2.014e+05  -1.16e+04  -2.15e+04     -927.6      -1517       1876       9965      646.9       1118       1120 -5.445e+04       1120       8268      -4814 -8.181e+04      -8517      -5075       9040       9994 -2.268e+04 -1.493e+04      -6026     -273.4        702       3158      -4970       1874       1936 -1.793e+04      -8438 -1.159e+04      -6818      913.6      -1958       2514       1263      -1078 -2.019e+04 -1.275e+04      -1208       3496 -2.897e+04 -1.255e+04      -4239     -475.5       1082       2101       1066      9.534      -2934     -513.3       2166      177.9       -237      935.7      912.7       1852      -2040       1789     -103.5       1178      -1754     -223.6      -2869      -2850      -1185      -1186       1396     -934.3       1079      -2801      43.28     -998.4      17.33       1003       2159       1988       2087      154.3      255.5       2614       3266      213.1
      367.8      754.9      684.6       1409       1027      2.249  -1.16e+04 -4.448e+04 -7.333e+04      -7102  -1.35e+04      -4136       4231      258.8      227.7      227.4      -7752      227.4       3645       3821       5534       2783       4040       4207      -5407 -2.671e+04      -9145      -2696      -3971      -6181      -6551      -6625      -3178      131.2  -1.69e+04 -1.189e+04      -8869      -1067      511.3       2100      -4818      454.2      -2448      -2062      -2008      -2202       1053     -646.6      592.2      828.3      668.2        794      -3380      243.9      -4196       -141     -326.7     -134.9     -438.4      338.3     -499.2     -493.9      -1022     -894.8     -617.1     -247.9      49.79     -685.3     -807.3     -173.3      -1493      -1075     -7.718     -635.4       -615      436.2       1173      351.6      418.5      870.9      674.2       1134      -1786      -2879      114.2      316.7     -128.7       1255      316.8
      946.1       1832      986.6       2256       2806     -69.05  -2.15e+04 -7.333e+04 -1.997e+05 -2.075e+04  -2.75e+04       2537       9501       1254       1195       1194 -1.333e+04       1194       8391       8719   1.19e+04       6832       9112       9439      -8852 -4.944e+04       7090      259.4      -2730 -1.229e+04     -977.1      -8196      -6777       2157 -2.964e+04 -2.371e+04 -1.597e+04      -2101        974       3931      -1968      -3765 -1.186e+04      -4486      -9997     -63.22       2892      838.4       2974       1326       3027      -7193      -4802       1482      -5956       1855     -24.75       1442      32.53       1793     -447.1      546.3       1401      541.7     -663.5      -2564      710.8       1028      697.5       1675      -2982      -6916        946     -563.8      550.7     -41.39       2914      918.1       -502       1696     -386.6     -778.6      -6750      -1287      210.4      392.9       1127       3424      393.8
      230.5      637.7      460.8      990.1     -591.4      -1606     -927.6      -7102 -2.075e+04 -7.354e+04 -1.351e+05      -5403      -1145      796.5      774.1      773.8       5327      773.8       4697      -2411       6899      -6415        488       1540 -1.737e+05 -1.502e+04      642.9     -459.5      -5403 -1.267e+04      -1391     -924.4        212      321.8      -2646      -1552      -3386      928.7       1835       2098     -249.4      -2381      257.9      -5718      -6107      643.5      582.2        741       -471      562.1      342.4      145.8      301.3      488.3      470.1      982.2      405.6      785.3      229.4      320.8      235.4      196.4      245.4     -556.2      330.1     -53.41      342.9      264.2      347.5      433.2      381.9     -700.4      455.1      419.3        151     -621.4        640      179.4      712.3       1277     -517.9       1419      -9072     -545.9      53.72       1135       1470       1706       1143
      497.7      321.3       1259       3044     -929.6      -2578      -1517  -1.35e+04  -2.75e+04 -1.351e+05 -2.767e+05 -1.084e+04      -2120       1546       1504       1503   1.02e+04       1503       9002      -4537  1.313e+04 -1.217e+04       1064       2977 -3.308e+05 -2.855e+04      225.4     -36.43      -9650 -1.856e+04 -1.014e+04      169.5        986      378.2      -4791      -2138      -5989       2945       3495       5172      222.9    -0.1898       1064      -9843 -1.064e+04       1802       1199       1421     -877.4       1125      680.1       1417      669.8       1017       1232       1916      851.8       1614      408.9     -268.1      327.2      463.7      916.8     -974.8      715.1        656     -315.1      874.3      338.7      583.7     -330.9      634.2      928.3     -651.5     -692.8      653.9     -690.6        401       1519       3067      777.6       2990  -1.83e+04     -908.9        155       1974      183.5      -1939       1991
      222.9       2972       3281       6286      -5893       5162       1876      -4136       2537      -5403 -1.084e+04 -1.113e+06 -4.101e+04       1740       1787       1787  1.117e+04       1787       9604  1.081e+04  1.377e+04 -1.401e+04      -7808       8998       5934  -2.51e+04  -4.36e+04      -1568      -1368      -2371 -5.231e+04      -4265      465.9     -125.1 -5.187e+04 -5.207e+04 -5.227e+04      -4209       3191       7907 -1.621e+04       1775 -1.493e+04       3827 -1.061e+04       4031     -908.6       1044       1701       1969       1671     -79.18 -4.953e+04      -6744 -2.399e+04       5015       1495       2548       1696       1309       1481      737.7      832.3       1092       1095       1825      -2784       1361      634.7      502.6       85.4       1378       1420      -6579      834.6       1954       5589      59.48      -4152       2187      387.7 -2.689e+04 -1.128e+04       4365      336.4       2772       4391       4649       2794
     -744.9     -528.2       -518 -2.884e+04      -1462       6030       9965       4231       9501      -1145      -2120 -4.101e+04 -6.008e+05     -8.033       1205       1214  1.006e+04       1214       8490      1e+04  1.265e+04 -6.242e+04      -2174   1.01e+04  1.117e+04 -1.386e+04      -7513       1277       3607       9218 -2.251e+04       1197       1472      841.9       9754       9531       9215       8981       3359       9034      -3616      931.5       1506       9135      -4789      -1138       1836       2292       1614       1379       1169      -6605        654       1751       1377       3244      538.3       2260      -2468      353.5        624      845.8       1880      964.3       1858       1854      -2271      891.8     -409.8      -4209      303.4      883.5      918.8      668.7     -500.8       1156      -4475     -439.8       1354       3153      72.54       1213   -1.5e+04      -2565      230.8       1769       5702       6291       1858
      167.4        180      233.5      463.9      765.3       1409      646.9      258.8       1254      796.5       1546       1740     -8.033      -1657      -1656      -1656     -321.7      -1656      117.2      945.4      -4736       1644       1172       1005       1786       9.76       1073      110.4      198.1      916.4        126         44      183.6     -139.5       1422       1319       1151      839.3     -821.4        753      739.7      -89.3      279.7      738.6      836.9      578.1      20.89      353.5      367.5      211.1      101.9      289.5     -138.3     -17.16      210.6      458.4      119.3      298.6      78.58      27.51     -82.41     -3.784      42.13      46.81      118.5      71.48      54.95      13.23     -47.57     -20.08      87.12    -0.1052     -20.39      8.277     -42.84      115.9      526.7        150      291.9      314.5     -57.53      545.4      605.8      767.2      41.66      93.99      70.75        390      103.4
        168        182      235.1      563.5      826.6       1411       1118      227.7       1195      774.1       1504       1787       1205      -1656      -1690      -1690      913.8      -1690      52.15      854.3       2227       1717       1136      940.1       1722      923.4       1038      85.57      166.6      854.5      150.6      18.18      157.8       -165       1372       1259       1096      779.6     -831.5      692.8      842.5     -114.3      322.5      735.3      857.4      619.6     0.1737        315      346.7      228.9      78.57        270     -163.9      -57.2      186.3      620.7        161      274.7      69.26      33.39     -98.44     -16.12      20.47      26.48      94.25      49.11       42.1    -0.5221     -43.28     -18.73      114.3     -4.339      6.415      19.14     -42.76      133.7      576.2      148.4      276.4      360.2     -84.44      518.7      609.5      744.5      40.65        102      41.16      360.7      107.5
        168        182        235      563.9      827.1       1411       1120      227.4       1194      773.8       1503       1787       1214      -1656      -1690      -1690      920.4      -1690      51.15      880.1       2266       1717       1135      939.5       1721      928.2       1037      85.43      166.3      853.9      150.7      18.03      157.7     -165.1       1372       1258       1096        779     -831.8      692.3      842.9     -114.5      322.7      736.3      857.4      619.7    0.04533      314.8      346.6        229      78.44      269.9       -164     -57.44      186.1      621.4      161.2      274.5      69.22      33.42     -98.53      -16.2      20.34      26.37      94.11      48.98      42.03    -0.5986     -43.26     -18.71      114.5     -4.369      6.579       19.2     -42.75      133.8      576.3      148.4      276.2      360.4     -84.59      518.5        610      744.6      40.64      102.1       41.5      360.8      107.5
     -884.7       1362       1461      53.37      -2842       5969 -5.445e+04      -7752 -1.333e+04       5327   1.02e+04  1.117e+04  1.006e+04     -321.7      913.8      920.4 -6.743e+05      919.9       7932       9446 -2.172e+05       9743  -3.68e+04       9768  1.125e+04 -6.053e+04       9664      160.6       4174       8966      285.5      35.16        298     -312.4       9357       9808       9496      -2572       2096       8903       2380     -215.2       2252       4553       5435      -9467       1670       2265      655.3      432.7      148.1       2183     -309.2       1565      351.7       2675      -3810      303.3      131.1       63.1     -185.7     -143.3     -177.4      50.35      53.82     -31.11      79.24     -1.181      -81.7      -35.2      215.8     -8.178      12.07      36.67     -80.31      252.8     -10.82     -947.8       1826       -962       1737       3410       6738       6985      196.7       1626      -7135      -1518       1636
        168        182        235      563.9      827.1       1411       1120      227.4       1194      773.8       1503       1787       1214      -1656      -1690      -1690      919.9      -1690      51.61      880.2       2265       1717       1135      939.5       1721      927.9       1037      85.43      166.3      853.9      150.7      18.03      157.7     -165.1       1372       1258       1096        779     -831.8      692.3      842.9     -114.5      322.8      736.3      857.3      619.7    0.05014      314.8      346.6        229      78.44      269.9       -164     -57.43      186.1      621.4      161.2      274.5      69.22      33.42     -98.53      -16.2      20.34      26.37      94.11      48.98      42.03    -0.5987     -43.26     -18.71      114.5     -4.369      6.579       19.2     -42.75      133.8      576.3      148.4      276.2      360.4     -84.58      518.5        610      744.6      40.64      102.1       41.5      360.8      107.5
      319.5       3076       3176       6272       6987       8850       8268       3645       8391       4697       9002       9604       8490      117.2      52.15      51.15       7932      51.61 -4.841e+06       7867  1.052e+04       9478       8292       7979       9494       7930       8110      162.4       3456       7605      286.9      34.46        300     -314.2       8719       8502       8192       7494       4626       7500       7515     -217.7      614.1       7385       7567       6532    -0.4178      598.3      659.5      435.7      149.2      513.4       -312     -109.2      354.1       6536      306.7      522.4      131.7      63.58     -187.4     -30.75      38.65      50.24      179.1      93.26      79.94     -1.146      -82.3     -35.58      217.7     -8.301      12.47      36.58     -81.28      254.6       6296      282.3      525.4      685.4     -160.9      986.2       1160       1416      77.33      194.1      78.69      686.2      204.4
      942.1       3314       3345       5566      599.2       8192      -4814       3821       8719      -2411      -4537  1.081e+04      1e+04      945.4      854.3      880.1       9446      880.2       7867  -9.52e+05  1.205e+04    1.1e+04       9776       9495  1.103e+04       9436       9527      161.2      -6134 -1.067e+04        286      34.93      298.7       -313 -2.686e+04       6021 -4.146e+04       5532       2984       5554       6224      -6002      -5288 -1.548e+04       8450       5818       1430      -1454 -3.384e+04      -2899      -6685       1955       1406       1608       1922       6153     -704.8       1355      -4453      -1070      -1712      411.7       1124      -2308      -3838      -3923      79.47     -811.4        618      446.5       1691       1559       1479       1462      -4508      -4655       6792      236.9       2841       4822       1552       5481      -4865      -5430      293.5      489.5      -8466      -2847        481
      469.6       1245       1487      -3355      -6149       3164 -8.181e+04       5534   1.19e+04       6899  1.313e+04  1.377e+04  1.265e+04      -4736       2227       2266 -2.172e+05       2265  1.052e+04  1.205e+04 -1.595e+06  1.096e+04  1.202e+04  1.216e+04  1.369e+04 -1.518e+05  1.226e+04       5982       5698  1.164e+04       6355       6091       6346       5645  1.062e+04  1.238e+04  1.076e+04   1.11e+04      -1579  1.094e+04 -2.118e+04       5649 -1.122e+04      847.7       2680      -3376       3690       8674       5602      -4027       5648       8463       5770       8238       6102 -3.904e+04      -6076       6056       4071      -1210       3650       2838       4933       4826       5737       5111       4699       2803     -702.9       2087      -6178      819.4      -8833      -2592      421.4      -6578      -3713      880.2       3512 -1.019e+04       5577       6600       7692       7921      270.1      -2175       4695       5306      -1238
       1577       2688       2789       5327      -5132      -5246      -8517       2783       6832      -6415 -1.217e+04 -1.401e+04 -6.242e+04       1644       1717       1717       9743       1717       9478    1.1e+04  1.096e+04 -1.675e+06  -1.63e+04  1.022e+04  1.118e+04  -3.38e+04  -2.25e+04      93.53       4073       8791      43.61      9.453      317.5     -295.8       5617       5392       5098  -3.75e+04       3088 -3.728e+04       7849     -195.2      532.5 -3.518e+04 -3.645e+04       2720      58.72      647.4        677      454.2      168.6      515.1     -366.9     -58.96      235.5       2834      256.7      538.6      106.5      65.48     -182.7      -22.4      50.23      57.43        185      100.8      63.81      11.34     -93.01     -58.82      213.9     -10.64      8.773     -4.729     -87.91      272.2       5602       1529       3620       6523     -111.3       6870       8520       8761      187.4       1231 -1.278e+04 -2.856e+04       1237
        429       1817       1943       3978       3231      -1691      -5075       4040       9112        488       1064      -7808      -2174       1172       1136       1135  -3.68e+04       1135       8292       9776  1.202e+04  -1.63e+04 -2.943e+05       7393 -2.149e+04      -1223 -1.372e+04      -3949       1082       3044        827      602.1      860.8      245.9      -3566      -3785      -4094     -551.6       1448     -579.8      -4370      340.5      -3370     -479.7      -2300     -573.1       2070       2635       1211      898.3      663.2       2571      263.9       2002      -4843     -409.5      838.9       1501     -125.6     -185.9     -185.6      496.7      991.4      483.1      711.8      570.1      494.8      361.3     -568.8      70.91      294.1     -877.3     -953.2      -2119     -194.7      695.9       2767      374.8      918.2      223.7       1161       1124       1842      -5060      50.45       1648       4095       4479       1411
      602.5      -1483      -1792      -2394      -3982      -6431       9040       4207       9439       1540       2977       8998   1.01e+04       1005      940.1      939.5       9768      939.5       7979       9495  1.216e+04  1.022e+04       7393 -9.131e+05 -1.051e+05       9435 -5.576e+04       1108       4132       8850       1247       1017       1279      652.5       8956       8741       8422       8294       5241       9023      -8887      743.7       1543       8600 -1.124e+04      -3737       1001       1600       1642       1270       1056       1442      675.9      877.8       1313      -3667      793.7       1451      919.7      790.3      631.7      467.3      906.4      831.4     -152.6      -5372      741.1      -9604       -157      -5440        612      890.7      896.4      757.5      -1915      -3221      -1721      845.8       1153       1738      761.2       2140      -4170       3629        126       1396      -9924 -2.482e+04       1411
       1505       1378       1473       3011  -2.54e+04       8684       9994      -5407      -8852 -1.737e+05 -3.308e+05       5934  1.117e+04       1786       1722       1721  1.125e+04       1721       9494  1.103e+04  1.369e+04  1.118e+04 -2.149e+04 -1.051e+05 -4.544e+06  1.054e+04       7000      155.6      215.4       1433      280.9      51.09      316.6     -297.9  1.022e+04       9999       9689       9736       7137       9930       9193     -201.4      602.7       9497       9284       1658      22.57      621.1      675.9      449.8      164.5      527.2     -295.4     -86.21      342.1       1667      313.2      535.9      134.6      72.07     -179.8     -23.31      51.67      63.36      174.5      21.91      88.38     -123.1     -85.96     -109.1      223.3   -0.05822      20.05      35.98       -106      212.5       2750       1493       1234       2025     -142.1       2717 -4.263e+04 -1.059e+04      637.8       5084       7589       7812       5115
      682.5     -505.9     -423.9      -2929       1421       6582 -2.268e+04 -2.671e+04 -4.944e+04 -1.502e+04 -2.855e+04  -2.51e+04 -1.386e+04       9.76      923.4      928.2 -6.053e+04      927.9       7930       9436 -1.518e+05  -3.38e+04      -1223       9435  1.054e+04 -4.523e+05       6955      296.5       3404       7931       1336      191.7      453.9     -156.3 -1.729e+04 -2.216e+04 -1.715e+04       5740       2865       7616       7425      699.2      -3314       4523       5064      -6491       2301       2899       1692       1302       1100       2734      732.7       2182       1337      -2443      -5388      34.28      -1054        530      26.59      201.9      566.9      -1013      -2158      -2011      -1530      807.3      1.961      306.3      -1583      403.6        611      -1518     -821.5       1064      -2587      341.6       2387       1745       2020       3327      -1233       1920      164.9       1042      -4995       2214      709.5
      267.2      648.6       1997       3779       5470       7945 -1.493e+04      -9145       7090      642.9      225.4  -4.36e+04      -7513       1073       1038       1037       9664       1037       8110       9527  1.226e+04  -2.25e+04 -1.372e+04 -5.576e+04       7000       6955 -3.045e+05      -1427     -718.5      881.2      -8641      -7736       3405       2807       7905       7600       7164     -617.5        807     -20.53      556.3       2199      -9285      -9609       6665      -1072       3073     -873.2      -8968       1355     -182.6      -9503      895.3     -940.6      -2377       2017       1547      929.9      660.8      930.2       1521     -103.7      -2325      -3952       2852       2300       31.7       1252      313.6      690.5       2274       2136       1562       1917     -370.9       2607      966.7      535.1      883.4     -128.1       1988       2148      -6073      -1903      77.44       2086     -597.8  -1.01e+04       2022
      10.33      383.4      596.5       1723      792.9      799.5      -6026      -2696      259.4     -459.5     -36.43      -1568       1277      110.4      85.57      85.43      160.6      85.43      162.4      161.2       5982      93.53      -3949       1108      155.6      296.5      -1427 -1.374e+04      -1894      -2411      -6083      -4195      -1415       1098 -1.479e+04      -2049 -1.045e+04     -703.2  -3.23e-07     -703.2     -798.4      575.6      499.6       1303      -60.3      203.5      415.3      837.2       1049     -276.1      986.3        289      65.32     -958.4      -2423       1153        480      647.4      387.2     -207.5      462.9      187.6     -954.9        244        906     -130.7        233      671.7      320.7      597.9      24.57      294.7      450.6       -191      396.6      307.7        720     -27.74        301     -130.3     -140.4      380.3     -508.2     -781.5      25.74     -54.01        865       1090      12.15
      234.2     -305.2     -239.3     -609.1        506      -7547     -273.4      -3971      -2730      -5403      -9650      -1368       3607      198.1      166.6      166.3       4174      166.3       3456      -6134       5698       4073       1082       4132      215.4       3404     -718.5      -1894 -2.424e+04 -4.142e+04      -7016      -3114     -805.6     -139.8      -2806     -143.5      -2660      529.9      936.6      758.6      -4712     -377.3      208.7      -1107      -2466      -1066      98.38     -421.7      -1330        145     -170.5      183.1     -104.8     -27.09     -818.6     -741.9        222      233.5     -229.3      16.28     -187.5     -185.7     -545.1     -441.2      29.41     -84.71      165.3     -221.3       -206     -107.5        267      157.2        173      180.8       -357      -99.6     -179.1      156.4      120.9     -202.8        282      360.6      -1756      -1530      55.32      299.9     -504.5      154.9      381.4
      523.3      -1277     -858.9      -1410       1657 -1.394e+04        702      -6181 -1.229e+04 -1.267e+04 -1.856e+04      -2371       9218      916.4      854.5      853.9       8966      853.9       7605 -1.067e+04  1.164e+04       8791       3044       8850       1433       7931      881.2      -2411 -4.142e+04 -1.015e+05      -3718      -4729       1323      780.7      -2449     -15.15      -4286      410.5       1784        846      -8678      -2906      558.9      -2559      -5023      -3287       1102      308.4      -1661      313.9        528     -155.4      686.9      908.7     -536.6     -481.6      882.7       1324     -475.3      689.8      348.5      108.4     -568.9     -96.62      605.3     -859.7      305.4      123.3      147.9     -297.4       1043     -9.164       1095       1064     -117.4     -352.1     -526.9      346.8      479.7     -702.6      529.3       1085      -4338      -3395      117.9       1052      -2340      760.5       1215
      67.34      198.3      650.7      -5548      821.7       1580       3158      -6551     -977.1      -1391 -1.014e+04 -5.231e+04 -2.251e+04        126      150.6      150.7      285.5      150.7      286.9        286       6355      43.61        827       1247      280.9       1336      -8641      -6083      -7016      -3718 -3.591e+04      -6308     -628.1      623.3 -2.995e+04     -656.6       2104       1868 -1.657e-08       1868      -2313      695.1     -387.6       1567       2051      -1947      149.6      334.3       1116      453.5       1059     -785.2      -5345      310.3      -4206       1085      715.9       1220     -85.35     -303.9      496.3      23.69      -1901        347      789.3     -46.29     -724.8      234.4       -374     -979.8        111      919.7      970.5     -633.4     -438.1     -501.1        344      124.3       -654      338.9      -1838      -3169      -1648      -1107      6.582      393.4       -295      -1320      402.7
     -108.5      452.6       -295      391.5      975.8      200.6      -4970      -6625      -8196     -924.4      169.5      -4265       1197         44      18.18      18.03      35.16      18.03      34.46      34.93       6091      9.453      602.1       1017      51.09      191.7      -7736      -4195      -3114      -4729      -6308 -2.658e+04     -768.4      402.7      -2053       -357       1010      414.4 -1.051e-07      414.4      -3222     -284.7      -1381     -38.09      305.4      -1711         53     -667.4      813.4      259.9      463.1     -945.2     -386.2      -1097      -1918      257.1      280.7     -12.98      720.5        478      587.8     -330.5      -2512      -1014      414.7      -1107      789.8      -2466       -596      56.58      642.7      487.3      612.2      589.5     -109.8      -68.7      856.2     -12.91      407.3     -99.28        707      529.3        357      -3181      5.529       -426      577.9      922.5       -540
      40.51      138.6      454.5       1358      -1109       1113       1874      -3178      -6777        212        986      465.9       1472      183.6      157.8      157.7        298      157.7        300      298.7       6346      317.5      860.8       1279      316.6      453.9       3405      -1415     -805.6       1323     -628.1     -768.4 -2.995e+04     -415.5       2116      450.7       1915       1863  1.624e-07       1863       1422       1282      -2250      -2241       1349      950.3      337.1       2030      963.5     -295.7     -443.3       1778      401.7      654.4       1315      -3000      290.8        621      791.3      350.4     -492.7      516.9      996.5        831      -2434        146     -51.63      935.3     -112.1      399.7     -761.6      684.6      972.5      -1455     -777.7       1182      211.7      4.317      753.9      34.76       1250       1193       1250       1206       32.8     -308.9      -1072      -67.3     -168.7
      -60.2      36.81      -2656      -6305     -241.2      -7829       1936      131.2       2157      321.8      378.2     -125.1      841.9     -139.5       -165     -165.1     -312.4     -165.1     -314.2       -313       5645     -295.8      245.9      652.5     -297.9     -156.3       2807       1098     -139.8      780.7      623.3      402.7     -415.5 -2.095e+04       1327      -1319      -7413      679.1  9.242e-08      679.1      -1552      -1437      908.4      590.8      -1034      61.19     -187.2       1292      592.6      704.4     -692.2       -267     -157.7      112.6      691.9      484.8     -342.7      -3966      157.7      527.1     -388.3     -512.6     -462.7     -471.2      21.88     -338.5      170.9     -78.43      329.3      63.66      -1255     -186.3      285.1     -563.6      201.1      620.7     -422.1      26.91      409.9      589.8     -726.7      451.9      583.8        590     -39.99      22.66      494.2      827.3     -43.31
      359.5     -380.6      -2402     -679.5      -1655      -2676 -1.793e+04  -1.69e+04 -2.964e+04      -2646      -4791 -5.187e+04       9754       1422       1372       1372       9357       1372       8719 -2.686e+04  1.062e+04       5617      -3566       8956  1.022e+04 -1.729e+04       7905 -1.479e+04      -2806      -2449 -2.995e+04      -2053       2116       1327 -3.113e+05 -1.568e+05 -1.199e+05      -8512       1317       2025      -2313     -59.27      396.7      -3229      -5270       3030      401.5       1126      -5541      -4705      460.6      631.3      -8367     -434.1      -2749       2081      -3188     -923.8      -1184      -1505      629.6     -625.6      -6567      947.7      -3093      -5671       1413     -878.8       1552       1845     -211.2      -1904      870.8       1775      754.9      -7726      -2692      319.1     -359.6      119.8      -9974     -49.76       3706       2843     -96.65     -107.8     -603.3       2949     -405.4
      446.3      -1833 -1.795e+04      -1434 -1.219e+04      -3959      -8438 -1.189e+04 -2.371e+04      -1552      -2138 -5.207e+04       9531       1319       1259       1258       9808       1258       8502       6021  1.238e+04       5392      -3785       8741       9999 -2.216e+04       7600      -2049     -143.5     -15.15     -656.6       -357      450.7      -1319 -1.568e+05 -3.668e+05 -1.343e+05 -1.002e+04       1317      516.3      -6360      -5136     -395.6      827.7      -4667       1460 -1.836e+04       1674      -4536      -5668      -3962      -4688       1911       3056      -6005 -1.223e+04 -3.625e+04 -1.096e+04      124.4      833.2      616.2      -1770      -1014      359.4      -3907      -1520      209.5      -3508       1109      548.5      -9806      -2559     -139.7     -603.7      737.8      -1150      -4751      362.7        827       2476      5.421       1680      925.6      -9381       12.7      -1956       3387       2879      -2853
      329.9      -1170      -1022      91.69      -5044      -1244 -1.159e+04      -8869 -1.597e+04      -3386      -5989 -5.227e+04       9215       1151       1096       1096       9496       1096       8192 -4.146e+04  1.076e+04       5098      -4094       8422       9689 -1.715e+04       7164 -1.045e+04      -2660      -4286       2104       1010       1915      -7413 -1.199e+05 -1.343e+05 -2.313e+05  -1.58e+04       1317      -5259      -7410     -901.2      555.7       1431      -3709       3587       1187       1978      -7148      -1541     -170.2       2134       2285       2180      -5342       3002      -2854 -1.558e+04      -1744       1026      583.4     -964.3       1094        485      315.6      451.6      136.3       1278       1316      417.7       1288     -258.8      630.3      680.8     -59.96      293.2      -3208      131.8       1905       1641       1777       3668       3638       3180      145.4      936.6       4435       4932      715.6
     -199.5     -386.4     -349.9     -543.4       1309        859      -6818      -1067      -2101      928.7       2945      -4209       8981      839.3      779.6        779      -2572        779       7494       5532   1.11e+04  -3.75e+04     -551.6       8294       9736       5740     -617.5     -703.2      529.9      410.5       1868      414.4       1863      679.1      -8512 -1.002e+04  -1.58e+04 -9.709e+04      168.1 -6.566e+04     -506.9      250.6     -113.1      -6923      -5815      798.1       1833       1278     -497.8     -915.5       -989      2.814       1091      -3324        939       3309     -518.2      -6043      905.7      327.6      908.7      67.95       -572     -393.9       1207       1123     -997.5       1109      977.5        314      13.74        914      228.6       1229        946     -241.8      803.8     -147.1      863.1      436.2      740.5       1497       3650       3366      69.17       1395        689       1208       1256
        546      587.8      587.8       1120       1337       2841      913.6      511.3        974       1835       3495       3191       3359     -821.4     -831.5     -831.8       2096     -831.8       4626       2984      -1579       3088       1448       5241       7137       2865        807  -3.23e-07      936.6       1784 -1.657e-08 -1.051e-07  1.624e-07  9.242e-08       1317       1317       1317      168.1 -9.043e+05      -9582       1637 -3.629e-07 -1.029e-07       1637       1255       1564 -8.896e-08 -9.322e-08  6.592e-08 -7.739e-08 -1.088e-07  1.715e-07 -8.329e-08 -1.094e-07 -3.779e-08       1564 -3.449e-08 -7.052e-08  7.604e-08  2.277e-07 -3.186e-07  1.235e-07  2.074e-08  7.926e-08  5.951e-07  1.311e-07 -1.208e-07  1.218e-08 -1.205e-07  1.073e-07 -3.228e-08  1.711e-07   3.35e-07  4.424e-08 -1.856e-08  3.103e-07       1122      546.8      582.2       1109  2.137e-08       1410       1771       1894        249      784.5      878.7       1104      783.5
     -116.1     -353.2     -316.7     -480.1      -3280       1265      -1958       2100       3931       2098       5172       7907       9034        753      692.8      692.3       8903      692.3       7500       5554  1.094e+04 -3.728e+04     -579.8       9023       9930       7616     -20.53     -703.2      758.6        846       1868      414.4       1863      679.1       2025      516.3      -5259 -6.566e+04      -9582 -2.805e+05       4289      250.6     -113.1      -6037      -4738      -2033       1833       1278     -497.8     -915.5       -989      2.814       1091      -3324        939      477.9     -518.2      -6043      905.7      327.6      908.7      67.95       -572     -393.9       1207       1123     -997.5       1109      977.5        314      13.74        914      228.6       1229        946     -241.8      -1079       98.4       1123      930.4      740.5       2010       3275      -3296      87.86       2296       3178       2679       2212
      142.7       1350       1365       2583     -341.3      -5719       2514      -4818      -1968     -249.4      222.9 -1.621e+04      -3616      739.7      842.5      842.9       2380      842.9       7515       6224 -2.118e+04       7849      -4370      -8887       9193       7425      556.3     -798.4      -4712      -8678      -2313      -3222       1422      -1552      -2313      -6360      -7410     -506.9       1637       4289 -7.512e+04      -4377      535.3       4115       1374      520.1      732.6      621.4       1438     -690.7      418.5     -499.5       1116      839.7     -357.4      -1573      849.9      730.6      1.193      163.2     -244.7      240.5      204.8      -1154       1195      -49.7       1218      281.8      217.6      351.4      216.6     -685.1      312.2      456.3      474.4     -827.4       2443      185.6       1133       2139      141.6       1901      748.3      -2816      93.23      466.8      -1193      -3990        509
     -52.56      223.3      30.19      487.9       -640      -6704       1263      454.2      -3765      -2381    -0.1898       1775      931.5      -89.3     -114.3     -114.5     -215.2     -114.5     -217.7      -6002       5649     -195.2      340.5      743.7     -201.4      699.2       2199      575.6     -377.3      -2906      695.1     -284.7       1282      -1437     -59.27      -5136     -901.2      250.6 -3.629e-07      250.6      -4377 -1.758e+04       1114      394.5     -643.9     -612.4      725.4       1292     -168.9      332.6      -1293     -624.1      401.1      -3358      704.1      788.2      151.8      837.5      488.5      296.5     -157.3      268.2      326.7        256      721.9      285.3        710      509.5      437.6     -520.7      214.8      -1300      315.3      805.4     -584.3     -31.81      143.4      12.11      422.8      666.4      -1299      682.5     -622.6      375.7      46.88     -17.91      152.2      -1193     -79.92
      142.5      77.24      351.7      946.8      777.2       1211      -1078      -2448 -1.186e+04      257.9       1064 -1.493e+04       1506      279.7      322.5      322.7       2252      322.8      614.1      -5288 -1.122e+04      532.5      -3370       1543      602.7      -3314      -9285      499.6      208.7      558.9     -387.6      -1381      -2250      908.4      396.7     -395.6      555.7     -113.1 -1.029e-07     -113.1      535.3       1114 -1.259e+04     -206.8      -2259     -130.7       1129      980.7      -4593     -638.7      -1277      -1669      -1723      -3756      -2744      -3171     -699.9      -2590     -97.84      576.6      182.9      497.8      905.3     -79.06      -1447     -696.6     -113.3      455.7      324.8      304.2     -60.08     -729.1        533      -1006     -275.3        757      193.4      97.72       -841     -207.1       1149      -1181       1126      638.6      28.28      103.6       1287       1502      108.3
      503.8     -278.1       -305      -1554     -913.8      -7365 -2.019e+04      -2062      -4486      -5718      -9843       3827       9135      738.6      735.3      736.3       4553      736.3       7385 -1.548e+04      847.7 -3.518e+04     -479.7       8600       9497       4523      -9609       1303      -1107      -2559       1567     -38.09      -2241      590.8      -3229      827.7       1431      -6923       1637      -6037       4115      394.5     -206.8 -9.432e+04      -6605     -483.5       1501      -4098        974        717       1051     -722.4      -2236      873.9     -601.6     -422.6      456.8      488.6      52.72      97.07      264.7      46.48     -238.6      192.4        372      293.8        315      301.9      145.2     -241.8      564.2     -574.3      299.7      705.4     -64.57       1004     -96.26      414.6     -147.2     -382.9      381.9      806.6     -614.1      -1649      69.71      832.5      -2466      -1449      457.1
      471.1     -75.73     -68.95      -1122      -1174 -6.758e+04 -1.275e+04      -2008      -9997      -6107 -1.064e+04 -1.061e+04      -4789      836.9      857.4      857.4       5435      857.3       7567       8450       2680 -3.645e+04      -2300 -1.124e+04       9284       5064       6665      -60.3      -2466      -5023       2051      305.4       1349      -1034      -5270      -4667      -3709      -5815       1255      -4738       1374     -643.9      -2259      -6605 -7.643e+04      515.3       1140      -4157      828.8      639.4      -1539     -541.6     -117.3      -3903      -1072      -3140     -257.3      -5173      -1091      293.4     -281.9      209.7      857.4      891.5       1148      433.1      250.4       1047      183.2      371.1      -1224      -1795        425     -434.7      441.4       1609     -552.9      403.6      -2457      -1000      143.4      -2146       1464       3640      188.9      255.5        163      170.1      99.95
      61.04     -238.3     -635.1      -4184      -1213     -786.3      -1208      -2202     -63.22      643.5       1802       4031      -1138      578.1      619.6      619.7      -9467      619.7       6532       5818      -3376       2720     -573.1      -3737       1658      -6491      -1072      203.5      -1066      -3287      -1947      -1711      950.3      61.19       3030       1460       3587      798.1       1564      -2033      520.1     -612.4     -130.7     -483.5      515.3 -1.919e+04      -1207      -1037     -149.6      -1189     -4.196      -1146     -391.4      -4112     -465.5 -1.011e+04     -575.6      -2462      470.2      576.7        595     -135.1     -323.1     -39.16      472.3      608.4     -608.3      49.67       39.9     -656.6      465.6     -87.81      369.2      352.2       -361      323.1     -759.7      57.65     -121.5      260.4      962.7      874.7      -69.5      -1012      47.35      811.4       1314      329.2      854.5
     -558.8      460.6     -635.3       1173     -561.4     -810.5       3496       1053       2892      582.2       1199     -908.6       1836      20.89     0.1737    0.04533       1670    0.05014    -0.4178       1430       3690      58.72       2070       1001      22.57       2301       3073      415.3      98.38       1102      149.6         53      337.1     -187.2      401.5 -1.836e+04       1187       1833 -8.896e-08       1833      732.6      725.4       1129       1501       1140      -1207 -2.158e+05      -3805      504.6      -5631     -97.16      -1297      579.2     -330.6     -745.6      -7599      -2203      456.8      853.6      846.1      752.4      336.7      754.4      884.8        686      885.9      642.1      735.5      721.7      759.8      382.1      761.5        848      761.3      663.8       1033      962.2     -572.6       1006       1351       1052       1512       1374      594.4     -16.06     -144.2     -147.4        321     -167.6
       -317        574        579 -1.367e+04      -2844     -887.2 -2.897e+04     -646.6      838.4        741       1421       1044       2292      353.5        315      314.8       2265      314.8      598.3      -1454       8674      647.4       2635       1600      621.1       2899     -873.2      837.2     -421.7      308.4      334.3     -667.4       2030       1292       1126       1674       1978       1278 -9.322e-08       1278      621.4       1292      980.7      -4098      -4157      -1037      -3805 -9.208e+04      -4286     -98.43     -144.3      -2529      561.1      -1029  -1.04e+04 -1.826e+04      218.3     -379.7     -170.2      355.2        712      321.3     -953.3      691.7       1124       1207     -158.5     -28.35     -938.6      -7944      -1227      -4751     -504.7     -967.6     -765.7      117.6       1177     -379.5       1015       1306       1013       1553       1624       1107     -11.08     -96.06      204.3      721.4     -74.45
      119.3     -422.7      -1031      315.5      -2751     -9.847 -1.255e+04      592.2       2974       -471     -877.4       1701       1614      367.5      346.7      346.6      655.3      346.6      659.5 -3.384e+04       5602        677       1211       1642      675.9       1692      -8968       1049      -1330      -1661       1116      813.4      963.5      592.6      -5541      -4536      -7148     -497.8  6.592e-08     -497.8       1438     -168.9      -4593        974      828.8     -149.6      504.6      -4286 -2.605e+04      -3152      -6737       1429      257.5     -633.6      578.3     -690.7      -2226      -4557     -970.1      111.8     -180.5     -742.8      108.3      -1138      -2460       -900     -963.7      7.878      406.8      -1292      389.7     -503.6        211      135.5      -1840     -445.2     -715.9      128.1        276      930.8     -952.6      519.3       1750       1247     -22.95      122.1      269.9      688.6      112.8
       60.6     -5.132     -105.9      867.2      -2317      586.3      -4239      828.3       1326      562.1       1125       1969       1379      211.1      228.9        229      432.7        229      435.7      -2899      -4027      454.2      898.3       1270      449.8       1302       1355     -276.1        145      313.9      453.5      259.9     -295.7      704.4      -4705      -5668      -1541     -915.5 -7.739e-08     -915.5     -690.7      332.6     -638.7        717      639.4      -1189      -5631     -98.43      -3152      -3757     -627.2      311.5      413.6      -1863      316.6     -929.8     -902.1       -976      218.8      326.1      388.5      204.9      440.5      136.8      403.4      341.1     -223.8      324.3      215.9     -213.8      165.7      230.3      448.9      503.1     -87.78      118.5     -139.8      72.73     -310.1      125.1     -481.4     -142.2      781.5      207.7      34.94      174.3      120.2      465.8      196.9
      45.82     -287.3     -208.2      993.7      -1028      -3724     -475.5      668.2       3027      342.4      680.1       1671       1169      101.9      78.57      78.44      148.1      78.44      149.2      -6685       5648      168.6      663.2       1056      164.5       1100     -182.6      986.3     -170.5        528       1059      463.1     -443.3     -692.2      460.6      -3962     -170.2       -989 -1.088e-07       -989      418.5      -1293      -1277       1051      -1539     -4.196     -97.16     -144.3      -6737     -627.2      -8333       1182      174.2      -1722      748.9      -1552      -1183      -3076      78.14     -45.54     -71.99     -70.13      127.7     -107.6      -1245     -368.7     -345.1      79.73      147.2     -33.37       -610      217.1      423.8      183.1     -482.3      54.72     -592.1      5.013     -691.6     -405.7     -681.3     -324.4      672.8      694.3       24.6     -40.57      174.3      488.7     -50.74
      64.34      193.6      -1696      -6242     -259.4      -1208       1082        794      -7193      145.8       1417     -79.18      -6605      289.5        270      269.9       2183      269.9      513.4       1955       8463      515.1       2571       1442      527.2       2734      -9503        289      183.1     -155.4     -785.2     -945.2       1778       -267      631.3      -4688       2134      2.814  1.715e-07      2.814     -499.5     -624.1      -1669     -722.4     -541.6      -1146      -1297      -2529       1429      311.5       1182  -1.44e+04        381      -2447     -98.96     -800.9     -108.1      899.6      221.9      543.1      767.1      163.5      -1431      106.5      967.2     -40.21      396.4        531      555.8     -119.7      307.6     -637.4     -437.2        167      22.96      951.4      511.5     -34.64      487.7      209.4      802.6      421.2     -81.25      -1249      13.21      37.29        140      -1979      29.33
      224.3     -204.5     -80.81      159.4      8.385     -538.3       2101      -3380      -4802      301.3      669.8 -4.953e+04        654     -138.3     -163.9       -164     -309.2       -164       -312       1406       5770     -366.9      263.9      675.9     -295.4      732.7      895.3      65.32     -104.8      686.9      -5345     -386.2      401.7     -157.7      -8367       1911       2285       1091 -8.329e-08       1091       1116      401.1      -1723      -2236     -117.3     -391.4      579.2      561.1      257.5      413.6      174.2        381 -3.982e+04      -4404      -5277       -864      334.5     -579.3     -556.5      391.3      178.5     -429.6      -1419      505.8       -472      473.3      2.292     -289.1      294.4      398.1     -114.7      -2201       -247     -402.3      184.4      17.01      -1030      232.7       -126      375.6      665.7      -2317       1050      921.7      39.44      71.39      -2158     -110.4      62.16
      141.9      232.2      564.7      706.1     -416.5      -1482       1066      243.9       1482      488.3       1017      -6744       1751     -17.16      -57.2     -57.44       1565     -57.43     -109.2       1608       8238     -58.96       2002      877.8     -86.21       2182     -940.6     -958.4     -27.09      908.7      310.3      -1097      654.4      112.6     -434.1       3056       2180      -3324 -1.094e-07      -3324      839.7      -3358      -3756      873.9      -3903      -4112     -330.6      -1029     -633.6      -1863      -1722      -2447      -4404 -4.281e+04     -202.8      -2490      -1931  -1.16e+04      264.6      615.9      454.4     -277.9      243.6      662.6       1050       1126     -44.33      883.2      743.2      809.6       1160     -414.1      657.8      872.1     -591.4      189.6        350      13.71      862.6     -558.2      -1548      961.5        624       1594      66.29      154.4      387.5       1137     -447.8
      67.59       -116     -758.8     -419.8      -1256      274.9      9.534      -4196      -5956      470.1       1232 -2.399e+04       1377      210.6      186.3      186.1      351.7      186.1      354.1       1922       6102      235.5      -4843       1313      342.1       1337      -2377      -2423     -818.6     -536.6      -4206      -1918       1315      691.9      -2749      -6005      -5342        939 -3.779e-08        939     -357.4      704.1      -2744     -601.6      -1072     -465.5     -745.6  -1.04e+04      578.3      316.6      748.9     -98.96      -5277     -202.8 -1.564e+04      -2845     -472.2      22.22      -1295      409.5      240.4     -12.85     -272.2      749.7      570.1      495.9     -207.4      -1370     -215.4     -277.8      64.31     -959.9      126.5      -1048      326.6        347      -1016        6.5      426.4      513.3      938.2     -252.2       1109     -161.7      5.017      92.92      -1402      280.8      66.09
      134.8       -151     -963.6      -1979      -2840      -3729      -2934       -141       1855      982.2       1916       5015       3244      458.4      620.7      621.4       2675      621.4       6536       6153 -3.904e+04       2834     -409.5      -3667       1667      -2443       2017       1153     -741.9     -481.6       1085      257.1      -3000      484.8       2081 -1.223e+04       3002       3309       1564      477.9      -1573      788.2      -3171     -422.6      -3140 -1.011e+04      -7599 -1.826e+04     -690.7     -929.8      -1552     -800.9       -864      -2490      -2845 -3.482e+04      -2101     -87.98     -29.99      199.6      428.7      210.6     -155.8      863.3      -2719      266.2     -32.18      15.15     -388.2      -1196      -1363      -1154      320.8     -589.9     -753.4     -198.8     -402.2      103.6       1061      180.1       1380       1945       1336     -819.2      14.38     -77.32       1650       2297      93.45
        103     -115.5      -2791      -1147      -1625      452.8     -513.3     -326.7     -24.75      405.6      851.8       1495      538.3      119.3        161      161.2      -3810      161.2      306.7     -704.8      -6076      256.7      838.9      793.7      313.2      -5388       1547        480        222      882.7      715.9      280.7      290.8     -342.7      -3188 -3.625e+04      -2854     -518.2 -3.449e-08     -518.2      849.9      151.8     -699.9      456.8     -257.3     -575.6      -2203      218.3      -2226     -902.1      -1183     -108.1      334.5      -1931     -472.2      -2101      -9167      -5984     -131.3      134.5     -346.5      -1180      -1160      54.48      -3463     -729.3     -561.3     -564.7      311.6      77.49      -1296      -31.7      338.1      63.05      30.83     -986.6     -372.2      89.14      203.8     -41.44        329      332.1      270.5      -1245     -1.058     -199.1      372.2      556.4     -295.1
     -85.19      177.7      -1040     -106.6      324.9     -424.3       2166     -134.9       1442      785.3       1614       2548       2260      298.6      274.7      274.5      303.3      274.5      522.4       1355       6056      538.6       1501       1451      535.9      34.28      929.9      647.4      233.5       1324       1220     -12.98        621      -3966     -923.8 -1.096e+04 -1.558e+04      -6043 -7.052e-08      -6043      730.6      837.5      -2590      488.6      -5173      -2462      456.8     -379.7      -4557       -976      -3076      899.6     -579.3  -1.16e+04      22.22     -87.98      -5984 -3.131e+04     -336.7      483.2     -26.26      -4206      -2248     -29.77     -501.8      694.7      -1183     -38.67      423.8      11.58      386.8     -309.7      265.1      173.2      113.1      501.5      19.37     -91.25      163.9     -710.4      95.61      263.5       1424      367.9      31.38        457      473.5       1200      430.3
      69.13     -59.64     -77.69     -912.3     -492.9      -1018      177.9     -438.4      32.53      229.4      408.9       1696      -2468      78.58      69.26      69.22      131.1      69.22      131.7      -4453       4071      106.5     -125.6      919.7      134.6      -1054      660.8      387.2     -229.3     -475.3     -85.35      720.5      791.3      157.7      -1184      124.4      -1744      905.7  7.604e-08      905.7      1.193      488.5     -97.84      52.72      -1091      470.2      853.6     -170.2     -970.1      218.8      78.14      221.9     -556.5      264.6      -1295     -29.99     -131.3     -336.7      -2917      63.81     -647.8     0.5864      171.8      239.3      -14.4     -32.54      15.09      59.37     -146.3      182.1     -335.8     -140.9      282.2     -50.83     -64.75     -152.4     -398.6      49.49      161.1      487.6      501.8       85.7      641.1      420.4     -29.69      17.02     -506.4      184.9     -20.37
     -19.02      152.3      229.3      686.2      310.7      132.9       -237      338.3       1793      320.8     -268.1       1309      353.5      27.51      33.39      33.42       63.1      33.42      63.58      -1070      -1210      65.48     -185.9      790.3      72.07        530      930.2     -207.5      16.28      689.8     -303.9        478      350.4      527.1      -1505      833.2       1026      327.6  2.277e-07      327.6      163.2      296.5      576.6      97.07      293.4      576.7      846.1      355.2      111.8      326.1     -45.54      543.1      391.3      615.9      409.5      199.6      134.5      483.2      63.81      -1716     -68.66      53.16     -145.3      136.4       -301      230.3       9.07     -83.27     -336.5        255     -488.7      452.1     -158.5     -18.22        137     -159.6      187.7      33.47     -102.8     -212.6      130.9     -298.8     -95.35      112.5     0.1596       -103      151.6      474.6     -48.41
      129.8     -169.5     -150.8        524     -179.7      -3322      935.7     -499.2     -447.1      235.4      327.2       1481        624     -82.41     -98.44     -98.53     -185.7     -98.53     -187.4      -1712       3650     -182.7     -185.6      631.7     -179.8      26.59       1521      462.9     -187.5      348.5      496.3      587.8     -492.7     -388.3      629.6      616.2      583.4      908.7 -3.186e-07      908.7     -244.7     -157.3      182.9      264.7     -281.9        595      752.4        712     -180.5      388.5     -71.99      767.1      178.5      454.4      240.4      428.7     -346.5     -26.26     -647.8     -68.66      -4196      55.69      42.97      76.88     -100.1      210.3      303.9      158.6      27.13      329.8      211.8        307      187.5       72.8      80.89       -109     -672.8      110.6      236.2      223.2      441.2      282.4      668.9      226.5      25.11      32.92        196      552.9     -1.883
     -187.5     -13.09     -531.2     -737.8      133.4     -368.6      912.7     -493.9      546.3      196.4      463.7      737.7      845.8     -3.784     -16.12      -16.2     -143.3      -16.2     -30.75      411.7       2838      -22.4      496.7      467.3     -23.31      201.9     -103.7      187.6     -185.7      108.4      23.69     -330.5      516.9     -512.6     -625.6      -1770     -964.3      67.95  1.235e-07      67.95      240.5      268.2      497.8      46.48      209.7     -135.1      336.7      321.3     -742.8      204.9     -70.13      163.5     -429.6     -277.9     -12.85      210.6      -1180      -4206     0.5864      53.16      55.69  -1.56e+04      -2797      -1083      -1215      46.46      -1003       -359       95.3     -17.53        271        106      205.1      275.8      1.736      116.3     -90.12     -23.79      170.2      230.5      111.3      312.7      585.7      98.12       25.5      143.2     -15.81      328.5      137.8
     -127.6      15.16     -983.7      -1668      721.1     -283.3       1852      -1022       1401      245.4      916.8      832.3       1880      42.13      20.47      20.34     -177.4      20.34      38.65       1124       4933      50.23      991.4      906.4      51.67      566.9      -2325     -954.9     -545.1     -568.9      -1901      -2512      996.5     -462.7      -6567      -1014       1094       -572  2.074e-08       -572      204.8      326.7      905.3     -238.6      857.4     -323.1      754.4     -953.3      108.3      440.5      127.7      -1431      -1419      243.6     -272.2     -155.8      -1160      -2248      171.8     -145.3      42.97      -2797      -6488      168.7      -1186     -445.7      -88.3      -1086     -293.4      100.1      199.4        634      193.6      320.2      253.2     -429.6     -4.519     -12.53      165.7     -191.7     -88.86      317.2     -16.39     -344.3      44.74      73.93      467.7      894.2      79.17
       42.9     -20.94     -321.6     -318.8      217.8       -938      -2040     -894.8      541.7     -556.2     -974.8       1092      964.3      46.81      26.48      26.37      50.35      26.37      50.24      -2308       4826      57.43      483.1      831.4      63.36      -1013      -3952        244     -441.2     -96.62        347      -1014        831     -471.2      947.7      359.4        485     -393.9  7.926e-08     -393.9      -1154        256     -79.06      192.4      891.5     -39.16      884.8      691.7      -1138      136.8     -107.6      106.5      505.8      662.6      749.7      863.3      54.48     -29.77      239.3      136.4      76.88      -1083      168.7      -2722     -185.9     -633.8     -49.99     -270.1      281.2      303.2      533.2      525.7     -4.035      303.7      55.22     -235.2     -176.8        107      21.85      344.5     -189.5      314.4      42.44     -136.5      1.603      77.95      431.9      280.3      59.91
     -105.2      212.5     -556.5      -1591      103.4      392.8       1789     -617.1     -663.5      330.1      715.1       1095       1858      118.5      94.25      94.11      53.82      94.11      179.1      -3838       5737        185      711.8     -152.6      174.5      -2158       2852        906      29.41      605.3      789.3      414.7      -2434      21.88      -3093      -3907      315.6       1207  5.951e-07       1207       1195      721.9      -1447        372       1148      472.3        686       1124      -2460      403.4      -1245      967.2       -472       1050      570.1      -2719      -3463     -501.8      -14.4       -301     -100.1      -1215      -1186     -185.9  -1.66e+04      -3564      -1148     -746.8        431     -648.2     -450.3      5.035      381.2        274     -532.9     -703.9      301.4      11.15      518.7      113.6      705.7      853.2      940.9      775.7      16.09     -4.418     -315.8      337.9     -20.64
      104.8      238.7     -661.7      -1215      726.1      194.5     -103.5     -247.9      -2564     -53.41        656       1825       1854      71.48      49.11      48.98     -31.11      48.98      93.26      -3923       5111      100.8      570.1      -5372      21.91      -2011       2300     -130.7     -84.71     -859.7     -46.29      -1107        146     -338.5      -5671      -1520      451.6       1123  1.311e-07       1123      -49.7      285.3     -696.6      293.8      433.1      608.4      885.9       1207       -900      341.1     -368.7     -40.21      473.3       1126      495.9      266.2     -729.3      694.7     -32.54      230.3      210.3      46.46     -445.7     -633.8      -3564      -5453      172.7     -857.6      416.7     -276.2      489.5      610.4      549.5      506.1     -53.66     -732.5      75.31      163.9      50.17      330.7     -931.6     -125.6     -153.4       -276      20.15      31.11      428.8      794.2     -16.31
     -61.98      139.3     -162.4      -1262     -92.77        434       1178      49.79      710.8      342.9     -315.1      -2784      -2271      54.95       42.1      42.03      79.24      42.03      79.94      79.47       4699      63.81      494.8      741.1      88.38      -1530       31.7        233      165.3      305.4     -724.8      789.8     -51.63      170.9       1413      209.5      136.3     -997.5 -1.208e-07     -997.5       1218        710     -113.3        315      250.4     -608.3      642.1     -158.5     -963.7     -223.8     -345.1      396.4      2.292     -44.33     -207.4     -32.18     -561.3      -1183      15.09       9.07      303.9      -1003      -88.3     -49.99      -1148      172.7      -2370      327.6      284.2     -157.4     -166.9      719.7      218.2     -108.7     -86.14      320.5      189.6     -19.38       -337     -301.3      224.7     -179.3      211.4      532.3      21.91        218     -57.96      148.2        218
      116.4      88.01      -1939      -1303      419.7      283.9      -1754     -685.3       1028      264.2      874.3       1361      891.8      13.23    -0.5221    -0.5986     -1.181    -0.5987     -1.146     -811.4       2803      11.34      361.3      -9604     -123.1      807.3       1252      671.7     -221.3      123.3      234.4      -2466      935.3     -78.43     -878.8      -3508       1278       1109  1.218e-08       1109      281.8      509.5      455.7      301.9       1047      49.67      735.5     -28.35      7.878      324.3      79.73        531     -289.1      883.2      -1370      15.15     -564.7     -38.67      59.37     -83.27      158.6       -359      -1086     -270.1     -746.8     -857.6      327.6 -1.142e+04     -805.8      2.533      361.1      414.7     -719.1      86.58      223.9      -1957      148.1      145.4        385     -312.4      696.3      758.6      994.3     -774.9     -73.02     -100.9      352.2      897.1     -160.5
      55.86      104.5      96.86      -1938     -86.44      357.5     -223.6     -807.3      697.5      347.5      338.7      634.7     -409.8     -47.57     -43.28     -43.26      -81.7     -43.26      -82.3        618     -702.9     -93.01     -568.8       -157     -85.96      1.961      313.6      320.7       -206      147.9       -374       -596     -112.1      329.3       1552       1109       1316      977.5 -1.205e-07      977.5      217.6      437.6      324.8      145.2      183.2       39.9      721.7     -938.6      406.8      215.9      147.2      555.8      294.4      743.2     -215.4     -388.2      311.6      423.8     -146.3     -336.5      27.13       95.3     -293.4      281.2        431      416.7      284.2     -805.8      -2823       -464     -383.5      293.1     -322.2     -196.2     -71.45      176.7      262.7       24.6     -37.87     -21.28      199.5      127.9     -90.86     -45.79       5.74     -75.65        126      578.6     -4.741
     -44.71      164.9      265.9      -2376     -864.9        508      -2869     -173.3       1675      433.2      583.7      502.6      -4209     -20.08     -18.73     -18.71      -35.2     -18.71     -35.58      446.5       2087     -58.82      70.91      -5440     -109.1      306.3      690.5      597.9     -107.5     -297.4     -979.8      56.58      399.7      63.66       1845      548.5      417.7        314  1.073e-07        314      351.4     -520.7      304.2     -241.8      371.1     -656.6      759.8      -7944      -1292     -213.8     -33.37     -119.7      398.1      809.6     -277.8      -1196      77.49      11.58      182.1        255      329.8     -17.53      100.1      303.2     -648.2     -276.2     -157.4      2.533       -464      -7000     -653.3     -854.2     -175.4       -306     -694.4      368.1      362.4      28.41      370.6      481.3      200.4      693.6      367.8     -34.25      43.53        173      423.1        548      185.6
     -15.97      328.3     -283.8      593.9      354.1      171.6      -2850      -1493      -2982      381.9     -330.9       85.4      303.4      87.12      114.3      114.5      215.8      114.5      217.7       1691      -6178      213.9      294.1        612      223.3      -1583       2274      24.57        267       1043        111      642.7     -761.6      -1255     -211.2      -9806       1288      13.74 -3.228e-08      13.74      216.6      214.8     -60.08      564.2      -1224      465.6      382.1      -1227      389.7      165.7       -610      307.6     -114.7       1160      64.31      -1363      -1296      386.8     -335.8     -488.7      211.8        271      199.4      533.2     -450.3      489.5     -166.9      361.1     -383.5     -653.3      -9568      -1714       -181      -1385     -27.01      575.8        538     -14.54      -1299      -31.6     -853.9     -696.2      368.8      89.48     -40.21      12.38      174.5     -99.89      3.306
      45.46      147.2      173.3     -99.89     -181.2      68.21      -1185      -1075      -6916     -700.4      634.2       1378      883.5    -0.1052     -4.339     -4.369     -8.178     -4.369     -8.301       1559      819.4     -10.64     -877.3      890.7   -0.05822      403.6       2136      294.7      157.2     -9.164      919.7      487.3      684.6     -186.3      -1904      -2559     -258.8        914  1.711e-07        914     -685.1      -1300     -729.1     -574.3      -1795     -87.81      761.5      -4751     -503.6      230.3      217.1     -637.4      -2201     -414.1     -959.9      -1154      -31.7     -309.7     -140.9      452.1        307        106        634      525.7      5.035      610.4      719.7      414.7      293.1     -854.2      -1714      -8384      -1063     -526.7      83.19     -274.5     -237.3      69.34      225.2      448.4      221.7      244.3      252.7      411.1     -31.44     -56.62      -1052      -1588      -54.2
     -111.8      273.5      227.9        914      211.5      387.2      -1186     -7.718        946      455.1      928.3       1420      918.8     -20.39      6.415      6.579      12.07      6.579      12.47       1479      -8833      8.773     -953.2      896.4      20.05        611       1562      450.6        173       1095      970.5      612.2      972.5      285.1      870.8     -139.7      630.3      228.6   3.35e-07      228.6      312.2      315.3        533      299.7        425      369.2        848     -504.7        211      448.9      423.8     -437.2       -247      657.8      126.5      320.8      338.1      265.1      282.2     -158.5      187.5      205.1      193.6     -4.035      381.2      549.5      218.2     -719.1     -322.2     -175.4       -181      -1063      -4617     -243.1      53.74     -386.3      453.7     -93.64      510.7     -234.1      686.8      838.1      732.3       66.3      26.93     -17.24     -116.4      5.296      34.07
       53.5      141.3     -634.8     -963.1        337      546.2       1396     -635.4     -563.8      419.3     -651.5      -6579      668.7      8.277      19.14       19.2      36.67       19.2      36.58       1462      -2592     -4.729      -2119      757.5      35.98      -1518       1917       -191      180.8       1064     -633.4      589.5      -1455     -563.6       1775     -603.7      680.8       1229  4.424e-08       1229      456.3      805.4      -1006      705.4     -434.7      352.2      761.3     -967.6      135.5      503.1      183.1        167     -402.3      872.1      -1048     -589.9      63.05      173.2     -50.83     -18.22       72.8      275.8      320.2      303.7        274      506.1     -108.7      86.58     -196.2       -306      -1385     -526.7     -243.1      -4620      -55.2     -141.3      230.7      50.85        394      205.8      727.8      384.8      15.45      210.6      27.74      15.91      414.4        363      60.59
      32.93     0.1264      261.5        174     -36.74      397.5     -934.3       -615      550.7        151     -692.8      834.6     -500.8     -42.84     -42.76     -42.75     -80.31     -42.75     -81.28      -4508      421.4     -87.91     -194.7      -1915       -106     -821.5     -370.9      396.6       -357     -117.4     -438.1     -109.8     -777.7      201.1      754.9      737.8     -59.96        946 -1.856e-08        946      474.4     -584.3     -275.3     -64.57      441.4       -361      663.8     -765.7      -1840     -87.78     -482.3      22.96      184.4     -591.4      326.6     -753.4      30.83      113.1     -64.75        137      80.89      1.736      253.2      55.22     -532.9     -53.66     -86.14      223.9     -71.45     -694.4     -27.01      83.19      53.74      -55.2      -2935      277.6      17.32      43.74      336.8        148     -225.7      575.3     -87.33     -112.8      24.16      126.8     -211.4     -407.6      127.7
      174.2        121     -543.4      764.6      285.4      808.6       1079      436.2     -41.39     -621.4      653.9       1954       1156      115.9      133.7      133.8      252.8      133.8      254.6      -4655      -6578      272.2      695.9      -3221      212.5       1064       2607      307.7      -99.6     -352.1     -501.1      -68.7       1182      620.7      -7726      -1150      293.2     -241.8  3.103e-07     -241.8     -827.4     -31.81        757       1004       1609      323.1       1033      117.6     -445.2      118.5      54.72      951.4      17.01      189.6        347     -198.8     -986.6      501.5     -152.4     -159.6       -109      116.3     -429.6     -235.2     -703.9     -732.5      320.5      -1957      176.7      368.1      575.8     -274.5     -386.3     -141.3      277.6      -5120      98.17      129.8      307.4     -161.9     -17.08      479.6      -30.4     -214.6     -6.498      294.6      800.9       1159      275.4
      451.7      -7401      -5758      -8328      -3362      -4102      -2801       1173       2914        640     -690.6       5589      -4475      526.7      576.2      576.3     -10.82      576.3       6296       6792      -3713       5602       2767      -1721       2750      -2587      966.7        720     -179.1     -526.9        344      856.2      211.7     -422.1      -2692      -4751      -3208      803.8       1122      -1079       2443      143.4      193.4     -96.26     -552.9     -759.7      962.2       1177     -715.9     -139.8     -592.1      511.5      -1030        350      -1016     -402.2     -372.2      19.37     -398.6      187.7     -672.8     -90.12     -4.519     -176.8      301.4      75.31      189.6      148.1      262.7      362.4        538     -237.3      453.7      230.7      17.32      98.17 -1.661e+04      467.6      211.8      224.8      452.6      969.4      538.2       1138      126.3      252.6      -1353      -1767      306.2
     -612.6     -13.22      117.8      28.21       86.3        750      43.28      351.6      918.1      179.4        401      59.48     -439.8        150      148.4      148.4     -947.8      148.4      282.3      236.9      880.2       1529      374.8      845.8       1493      341.6      535.1     -27.74      156.4      346.8      124.3     -12.91      4.317      26.91      319.1      362.7      131.8     -147.1      546.8       98.4      185.6      12.11      97.72      414.6      403.6      57.65     -572.6     -379.5      128.1      72.73      5.013     -34.64      232.7      13.71        6.5      103.6      89.14     -91.25      49.49      33.47      110.6     -23.79     -12.53        107      11.15      163.9     -19.38      145.4       24.6      28.41     -14.54      69.34     -93.64      50.85      43.74      129.8      467.6     -963.1      30.86     -19.11     0.4461     -55.34      233.9      375.3      44.19      239.5      367.8      413.1      239.5
       59.2      132.7      403.9       1007      496.4      403.7     -998.4      418.5       -502      712.3       1519      -4152       1354      291.9      276.4      276.2       1826      276.2      525.4       2841       3512       3620      918.2       1153       1234       2387      883.4        301      120.9      479.7       -654      407.3      753.9      409.9     -359.6        827       1905      863.1      582.2       1123       1133      422.8       -841     -147.2      -2457     -121.5       1006       1015        276     -310.1     -691.6      487.7       -126      862.6      426.4       1061      203.8      163.9      161.1     -102.8      236.2      170.2      165.7      21.85      518.7      50.17       -337        385     -37.87      370.6      -1299      225.2      510.7        394      336.8      307.4      211.8      30.86      -7716      -3386      -2410      -9380     -140.6       71.4      53.88     -47.26       1190       1208     -72.39
        136     -142.4     -95.62      775.2      944.5     -635.6      17.33      870.9       1696       1277       3067       2187       3153      314.5      360.2      360.4       -962      360.4      685.4       4822 -1.019e+04       6523      223.7       1738       2025       1745     -128.1     -130.3     -202.8     -702.6      338.9     -99.28      34.76      589.8      119.8       2476       1641      436.2       1109      930.4       2139      666.4     -207.1     -382.9      -1000      260.4       1351       1306      930.8      125.1     -405.7      209.4      375.6     -558.2      513.3      180.1     -41.44     -710.4      487.6     -212.6      223.2      230.5     -191.7      344.5      113.6      330.7     -301.3     -312.4     -21.28      481.3      -31.6      448.4     -234.1      205.8        148     -161.9      224.8     -19.11      -3386      -9698     -274.9      -5269      483.9     -197.9      111.9        286       1548       1612      228.9
        117      438.6      392.1       1387      237.2       1283       1003      674.2     -386.6     -517.9      777.6      387.7      72.54     -57.53     -84.44     -84.59       1737     -84.58     -160.9       1552       5577     -111.3       1161      761.2     -142.1       2020       1988     -140.4        282      529.3      -1838        707       1250     -726.7      -9974      5.421       1777      740.5  2.137e-08      740.5      141.6      -1299       1149      381.9      143.4      962.7       1052       1013     -952.6     -481.4     -681.3      802.6      665.7      -1548      938.2       1380        329      95.61      501.8      130.9      441.2      111.3     -88.86     -189.5      705.7     -931.6      224.7      696.3      199.5      200.4     -853.9      221.7      686.8      727.8     -225.7     -17.08      452.6     0.4461      -2410     -274.9 -1.226e+04      -3278     -740.6     -31.16       12.1      123.9      621.3       1117      177.6
      36.68      483.6      691.5       1812       1441       1792       2159       1134     -778.6       1419       2990 -2.689e+04       1213      545.4      518.7      518.5       3410      518.5      986.2       5481       6600       6870       1124       2140       2717       3327       2148      380.3      360.6       1085      -3169      529.3       1193      451.9     -49.76       1680       3668       1497       1410       2010       1901      682.5      -1181      806.6      -2146      874.7       1512       1553      519.3     -142.2     -324.4      421.2      -2317      961.5     -252.2       1945      332.1      263.5       85.7     -298.8      282.4      312.7      317.2      314.4      853.2     -125.6     -179.3      758.6      127.9      693.6     -696.2      244.3      838.1      384.8      575.3      479.6      969.4     -55.34      -9380      -5269      -3278 -2.226e+04     -444.9     -5.668      116.1      265.1       2328       2294      196.5
      195.4      489.3      858.6       2062       1568       6180       1988      -1786      -6750      -9072  -1.83e+04 -1.128e+04   -1.5e+04      605.8      609.5        610       6738        610       1160      -4865       7692       8520       1842      -4170 -4.263e+04      -1233      -6073     -508.2      -1756      -4338      -1648        357       1250      583.8       3706      925.6       3638       3650       1771       3275      748.3     -622.6       1126     -614.1       1464      -69.5       1374       1624       1750      781.5      672.8     -81.25       1050        624       1109       1336      270.5       1424      641.1     -95.35      668.9      585.7     -16.39      42.44      940.9     -153.4      211.4      994.3     -90.86      367.8      368.8      252.7      732.3      15.45     -87.33      -30.4      538.2      233.9     -140.6      483.9     -740.6     -444.9 -4.072e+04 -1.153e+04      145.7      844.8      872.8      638.6      871.2
      252.9      335.9     -316.8       2290       2749       6655       2087      -2879      -1287     -545.9     -908.9       4365      -2565      767.2      744.5      744.6       6985      744.6       1416      -5430       7921       8761      -5060       3629 -1.059e+04       1920      -1903     -781.5      -1530      -3395      -1107      -3181       1206        590       2843      -9381       3180       3366       1894      -3296      -2816      375.7      638.6      -1649       3640      -1012      594.4       1107       1247      207.7      694.3      -1249      921.7       1594     -161.7     -819.2      -1245      367.9      420.4      112.5      226.5      98.12     -344.3     -136.5      775.7       -276      532.3     -774.9     -45.79     -34.25      89.48      411.1       66.3      210.6     -112.8     -214.6       1138      375.3       71.4     -197.9     -31.16     -5.668 -1.153e+04 -3.839e+04      85.28      584.3       1825       1919      441.3
      43.75      71.55       61.7      25.95      134.7      174.4      154.3      114.2      210.4      53.72        155      336.4      230.8      41.66      40.65      40.64      196.7      40.64      77.33      293.5      270.1      187.4      50.45        126      637.8      164.9      77.44      25.74      55.32      117.9      6.582      5.529       32.8     -39.99     -96.65       12.7      145.4      69.17        249      87.86      93.23      46.88      28.28      69.71      188.9      47.35     -16.06     -11.08     -22.95      34.94       24.6      13.21      39.44      66.29      5.017      14.38     -1.058      31.38     -29.69     0.1596      25.11       25.5      44.74      1.603      16.09      20.15      21.91     -73.02       5.74      43.53     -40.21     -31.44      26.93      27.74      24.16     -6.498      126.3      44.19      53.88      111.9       12.1      116.1      145.7      85.28     -134.7      59.63      85.04       3.04      31.13
      268.1       82.9      88.58        652      557.1       1622      255.5      316.7      392.9       1135       1974       2772       1769      93.99        102      102.1       1626      102.1      194.1      489.5      -2175       1231       1648       1396       5084       1042       2086     -54.01      299.9       1052      393.4       -426     -308.9      22.66     -107.8      -1956      936.6       1395      784.5       2296      466.8     -17.91      103.6      832.5      255.5      811.4     -144.2     -96.06      122.1      174.3     -40.57      37.29      71.39      154.4      92.92     -77.32     -199.1        457      17.02       -103      32.92      143.2      73.93      77.95     -4.418      31.11        218     -100.9     -75.65        173      12.38     -56.62     -17.24      15.91      126.8      294.6      252.6      239.5     -47.26        286      123.9      265.1      844.8      584.3      59.63      -3782      268.8     -495.4      -3017
      454.5     -382.4      330.5      753.1      403.2       51.7       2614     -128.7       1127       1470      183.5       4391       5702      70.75      41.16       41.5      -7135       41.5      78.69      -8466       4695 -1.278e+04       4095      -9924       7589      -4995     -597.8        865     -504.5      -2340       -295      577.9      -1072      494.2     -603.3       3387       4435        689      878.7       3178      -1193      152.2       1287      -2466        163       1314     -147.4      204.3      269.9      120.2      174.3        140      -2158      387.5      -1402       1650      372.2      473.5     -506.4      151.6        196     -15.81      467.7      431.9     -315.8      428.8     -57.96      352.2        126      423.1      174.5      -1052     -116.4      414.4     -211.4      800.9      -1353      367.8       1190       1548      621.3       2328      872.8       1825      85.04      268.8 -4.081e+04 -2.514e+04      544.5
      412.3     -661.7      132.6      164.2      985.5       2674       3266       1255       3424       1706      -1939       4649       6291        390      360.7      360.8      -1518      360.8      686.2      -2847       5306 -2.856e+04       4479 -2.482e+04       7812       2214  -1.01e+04       1090      154.9      760.5      -1320      922.5      -67.3      827.3       2949       2879       4932       1208       1104       2679      -3990      -1193       1502      -1449      170.1      329.2        321      721.4      688.6      465.8      488.7      -1979     -110.4       1137      280.8       2297      556.4       1200      184.9      474.6      552.9      328.5      894.2      280.3      337.9      794.2      148.2      897.1      578.6        548     -99.89      -1588      5.296        363     -407.6       1159      -1767      413.1       1208       1612       1117       2294      638.6       1919       3.04     -495.4 -2.514e+04 -5.702e+04     -109.1
        277      121.7      65.35      689.3      571.2       1357      213.1      316.8      393.8       1143       1991       2794       1858      103.4      107.5      107.5       1636      107.5      204.4        481      -1238       1237       1411       1411       5115      709.5       2022      12.15      381.4       1215      402.7       -540     -168.7     -43.31     -405.4      -2853      715.6       1256      783.5       2212        509     -79.92      108.3      457.1      99.95      854.5     -167.6     -74.45      112.8      196.9     -50.74      29.33      62.16     -447.8      66.09      93.45     -295.1      430.3     -20.37     -48.41     -1.883      137.8      79.17      59.91     -20.64     -16.31        218     -160.5     -4.741      185.6      3.306      -54.2      34.07      60.59      127.7      275.4      306.2      239.5     -72.39      228.9      177.6      196.5      871.2      441.3      31.13      -3017      544.5     -109.1      -4369
