
 33

(((((((((cabassous_centralis: 0.008017, cabassous_unicinctus: 0.005330): 0.032555, cabassous_chacoensis: 0.023975): 0.009482, cabassous_tatouay: 0.030789): 0.040791, (tolypeutes_tricinctus: 0.068006, tolypeutes_matacus: 0.069808): 0.019141): 0.013244, priodontes_maximus: 0.093325): 0.014664, (calyptophractus_retusus: 0.071617, chlamyphorus_truncatus: 0.074480): 0.038482): 0.014650, (((chaetophractus_vellerosus: 0.014163, zaedyus_pichiy: 0.019443): 0.002271, chaetophractus_villosus: 0.024738): 0.003946, euphractus_sexcinctus: 0.025268): 0.072403): 0.036960, (((((dasypus_sabanicola: 0.001850, dasypus_yepesi: 0.004344): 0.011366, dasypus_pilosus: 0.014832): 0.003702, (dasypus_hybridus: 0.000000, dasypus_septemcinctus: 0.000440): 0.026530): 0.000000, dasypus_novemcinctus: 0.011809): 0.026898, dasypus_kappleri: 0.036562): 0.126694): 0.166235, (((((bradypus_variegatus: 0.000000, bradypus_tridactylus: 0.000440): 0.039647, bradypus_pygmaeus: 0.038882): 0.046708, bradypus_torquatus: 0.101436): 0.043225, (choloepus_hoffmanni: 0.033548, choloepus_didactylus: 0.015533): 0.088532): 0.120191, (((tamandua_tetradactyla: 0.007805, tamandua_mexicana: 0.006240): 0.067654, myrmecophaga_tridactyla: 0.069138): 0.139682, cyclopes_didactylus: 0.156275): 0.109474): 0.058761, ((zaglossus_bruijni: 0.015362, tachyglossus_aculeatus: 0.023078): 0.106824, ornithorhynchus_anatinus: 0.079395): 0.867820);

  0.166235  0.036960  0.014650  0.014664  0.013244  0.040791  0.009482  0.032555  0.008017  0.005330  0.023975  0.030789  0.019141  0.068006  0.069808  0.093325  0.038482  0.071617  0.074480  0.072403  0.003946  0.002271  0.014163  0.019443  0.024738  0.025268  0.126694  0.026898  0.000000  0.003702  0.011366  0.001850  0.004344  0.014832  0.026530  0.000000  0.000440  0.011809  0.036562  0.058761  0.120191  0.043225  0.046708  0.039647  0.000000  0.000440  0.038882  0.101436  0.088532  0.033548  0.015533  0.109474  0.139682  0.067654  0.007805  0.006240  0.069138  0.156275  0.867820  0.106824  0.015362  0.023078  0.079395

  0.000000  0.000000  0.000000  0.000000  0.000000  0.000000  0.000000  0.000000  0.000000  0.000000  0.000000  0.000000  0.000000  0.000000  0.000000  0.000000  0.000000  0.000000  0.000000  0.000000  0.000000 -0.005581  0.000000  0.000000  0.000000  0.000000  0.000000  0.000000 -429.292072  0.000000  0.000000  0.000000  0.000000  0.000000  0.000000 -1093.897006  0.010855  0.000000  0.000000  0.000000  0.000000  0.000000  0.000000  0.000000 -1084.681069  0.000000  0.000000  0.000000  0.000000  0.000000  0.000000  0.000000  0.000000  0.000000  0.000000  0.000000  0.000000  0.000000  0.000000  0.000000  0.000000  0.000000  0.000000


Hessian

      -2183     -399.8      229.9      321.4      384.7      195.1     -709.7     -414.2        289     -162.9      188.2      237.8      3.268     -91.28       24.9      113.9      42.78      87.55      125.4      152.6       1234      -1107      165.5      846.4        463      665.2      284.7      261.8     -67.12     -115.6     -288.2      -1212     -31.66      521.1      195.8      313.4       2776      698.7      589.6      -1693       -225      54.33      198.3        307      280.2       2003      437.4      189.4        150      65.66     -49.25      -55.3     -42.13      232.2     -78.65     -138.5      189.3      58.38      38.76      173.9      30.39      104.4      146.2
     -399.8 -1.165e+04      -1985     -729.3      -1101      442.1      -1985     -161.7      514.5       1307     -187.9       1725     -302.2      413.8     -11.21      332.4     -700.1     -339.5      46.61      162.8      768.2      33.11     -643.3     -293.6     -29.74       1178      -3337     -163.2      551.5       1609      169.2       1775      -1944     -129.5     -719.9      425.8       2481      352.5      354.5     -257.8       5.98      296.2      818.4       1362      403.7       2854       1021      580.2      383.1      176.3      470.6      11.56      143.9      719.8       1689       1487      770.6      153.9      37.36      87.07      60.61        720       83.3
      229.9      -1985 -3.911e+04      -6009      -1605      -2334      52.78       1833       4144     -861.6      271.6      -3551      -1950      -1217      -28.6     -111.5     -805.1     -160.6      799.3      -6487      -2151 -1.082e+04      78.97      -1478      -1859     -301.8     -886.6       1382       1065      391.3       2366       1080      -3472     -6.079     -123.7      664.5       7088      -2317      754.7      399.4      604.2      633.9      539.7     -483.5        556       3366      -1175       1406        696       1162     -412.7      670.9      366.7       1743       4288       3057       1090      521.9      111.3      153.3     -61.79     -34.07      316.7
      321.4     -729.3      -6009 -5.011e+04      -8657      -1239     -288.8      -1860      -1986      -3018       1134        174      -2347      -1084      -1611      -1030      -3892      674.8      981.9      -1097      861.5       3623       1271      -3992       2388      -1119      42.99      -2245       1873      80.01      161.7       1941      -2552      -3337       3381      805.3       7322       3598     -381.5      299.8      439.8     -473.6       1648      931.4      566.2       3448       2055       1337       1011        309      88.63      392.3     -14.65       1169       1833      -2923       1217      665.9      15.66     -135.4      664.7     -417.5      41.07
      384.7      -1101      -1605      -8657  -5.94e+04      -4796       1725       1115       2945       3645      358.9       2210      -3201     -491.3      -2439      -2490      -1571      299.7      685.6       -369      823.3     -726.7      -1724      613.7       1289      766.5      -1358       1964       1325       3626       1844       1948       3431       1085     -46.53      422.2       7719       1965       1829      439.8        818      751.6      -1108      953.3      469.8       3275       1503     -506.8      672.6      365.6      -2843      986.9       1046        -34       3066       1032      645.4       1054       12.1       1217      112.2      -1771       1227
      195.1      442.1      -2334      -1239      -4796 -2.854e+04      -1939      -2358      -1853      260.1       -827      168.3      -4439     -681.3     -679.6      -1157     -887.5     -402.4      494.9      83.23      14.24      -9478     -636.9      -2254     -627.9     -648.7     -587.3       1404       1919      633.3        364       2045     -700.7       2139       1163      585.9       8016       4101       1859        247      528.1      856.6     -640.7      129.4      427.6       3133        616      126.4      649.6       1220      790.3      444.5      38.03      230.3      -4225     -582.9      679.7        528      87.65      734.6       2234       2376      865.5
     -709.7      -1985      52.78     -288.8       1725      -1939  -1.12e+05      -1730      -8323      997.4      -6203 -1.341e+04       1309      961.7     -378.6      -1508       1956       1214     -82.43        901       3788       2970      -1174       3896       -704      911.4      111.2      400.3       2110       4641       1474       3586       2358       3790       1710      510.6       8419       4387       1338     -693.2        638     -18.78       1268       1247      390.5       3142      -2789      2.698        887      -1278      -2788       1048      812.3      244.6       3261      -9369      366.2      261.9      206.1       1542       3254       3259       1596
     -414.2     -161.7       1833      -1860       1115      -2358      -1730 -4.721e+04       3145      775.5      -5169      -1041      -2584       1139     -106.4      -1580        778      -1454      887.7      527.8     -363.4      -8916      -1978      -1294     -353.3       1457     -574.2       1771       2231       4498     -885.8       3797      -8190      -1445     -795.6      546.9       8165       5118       1078     -84.42     -26.27      970.7      101.4      783.2      327.9       2970       1723     -75.76      256.7       1417       2715     -1.283      358.7       1625       2216     -246.9      950.9      57.51      219.2      445.2       3757       3453      681.9
        289      514.5       4144      -1986       2945      -1853      -8323       3145 -2.297e+05 -5.511e+04     -57.82       4130      487.7       3462      -4367     -809.5       1050       1988       1228       4442      -2328       6922       7648       5729     -550.7       2230      -1170       1868       2509       1618       5648       5059       7540      -1099       1878       1033       9545       4971      -1000     -408.8      51.47       1614     -60.08      -4229       1172       4649     -552.3       2006      705.6      -4718      -9546     -12.17      878.5      630.2     -76.06      -6995      904.6       -586     -121.6       1456       3536       3632       1667
     -162.9       1307     -861.6      -3018       3645      260.1      997.4      775.5 -5.511e+04 -3.185e+05      -4950      -1906      -7867     -864.6      424.6      -1928      923.1       1726       1589       4310      -7318       6823       7980      -1329       4332      -3439       1323       3764      631.8 -2.933e+04       4881       5464       7930       5078      640.1       1296  1.009e+04      -8189       3206     -277.4     -343.1       2484       2549       4292        780       3902       3877       1104       1816      815.3       1697      204.2       -424      -1378 -1.066e+04      -1161     -906.1      -2714      220.5      19.03      -1142       1503     -368.4
      188.2     -187.9      271.6       1134      358.9       -827      -6203      -5169     -57.82      -4950 -6.274e+04      -2448      -3724       1210      -1616      -1280      562.3       -680      375.1     -946.5       3428      -8150      -4130       1064      -6055      603.8      175.5      -1710       1827       3777      569.2       2105     -950.9      -5963       2044      738.8       8680       5338     -884.8     -164.2      210.5       1067      982.7      -1370      481.6       3287      773.5     -416.8      931.6       2755       2475      376.7      749.7     -284.1      559.5       3228        345     -112.9      87.61       1225       1054       1692       1233
      237.8       1725      -3551        174       2210      168.3 -1.341e+04      -1041       4130      -1906      -2448  -4.78e+04       2063      473.6      -1559      232.4      269.7      -1059       -349      210.3      -3068       4058      -1215      446.6      264.6      -1321       1735      732.7       1902       2009      -1168       4026      -8292       5057       3010      669.6       8420     -377.2     -488.8      346.5      199.6      273.8      858.5     -574.4      304.4       2931     -672.8        337     -311.3       2510       1868      475.8     -24.55      865.4     -645.9      68.18      667.7     -40.66      201.8      887.8     -426.2       1151       1089
      3.268     -302.2      -1950      -2347      -3201      -4439       1309      -2584      487.7      -7867      -3724       2063 -4.376e+04      -3105      -3217      -1118      -1327      -1433      392.5     -387.9      -6845     -211.8     -234.4       1627       2880      -2469      572.8     -45.42       1752      -4598     -258.2       3992       3906       3584      -1419       1034       9022      141.4      -1839        119      451.5      334.1       1537     -99.22      789.5       3850       2165       1068      572.7       1019      819.4      653.1      659.4     -147.3     -665.8       2845     -895.1     -132.5      32.28     -464.7      -1086     -126.6     -476.3
     -91.28      413.8      -1217      -1084     -491.3     -681.3      961.7       1139       3462     -864.6       1210      473.6      -3105 -1.799e+04     -657.3     -17.32     -65.66     -820.8     -777.9     -207.7      -2375      804.5      -3528      -1146      -1573     -607.7      341.5     -768.4       2074       2248       3471       2074      -1613       2571      657.8      758.3       7865       3130      27.85      146.2      461.8      750.3      749.9       1185      507.1       3170      310.6      350.2      466.7      448.9     -176.5        411      10.75      620.4       4343       3249        330     -92.53      86.43      250.6       1114       1299      450.8
       24.9     -11.21      -28.6      -1611      -2439     -679.6     -378.6     -106.4      -4367      424.6      -1616      -1559      -3217     -657.3 -1.781e+04      -1030     -46.07     -190.4      21.82      574.6      -2778     -161.1       2193     -259.6       2396      595.9      615.1      1.378       1407      997.7      -2551      194.6       1098       1873       3358      545.2       7427      63.61     -537.5      142.4      540.6      413.7       73.5      786.5      375.5       2949      407.9      601.3      437.1      783.9       1622      445.4      838.7      596.9       2231       1076      339.7      528.2      26.68      308.8       1249       1346      401.1
      113.9      332.4     -111.5      -1030      -2490      -1157      -1508      -1580     -809.5      -1928      -1280      232.4      -1118     -17.32      -1030 -1.273e+04      518.2      629.2     -66.88      563.4      -4317      446.2       1201     -413.8     -188.9      726.4      391.4       1229      -1644       1106        853      -4785     -644.8       1336      736.3      419.7       6773     -169.4       1417      33.41      82.33      400.3      675.5     -616.5      239.8       2646      805.5      541.2      162.3      433.8       1546      574.8        665      50.89     -288.5     -209.1      317.9      361.8        126        322       1972       1689      303.2
      42.78     -700.1     -805.1      -3892      -1571     -887.5       1956        778       1050      923.1      562.3      269.7      -1327     -65.66     -46.07      518.2 -2.351e+04      -1442      -1383      186.4      40.36       2024       1369        300     -462.6     -572.7     -421.4        640       1065      725.6      -3980       2439      404.3     -199.1       1211      361.5       2478     -325.4      755.2      252.5      493.4      633.6     -77.22      -1397      445.5       3144      78.13      625.6      586.4      878.2      916.8      204.6      295.9      668.2       2025       1536      612.6      111.1      123.8      471.8       1268       1122      479.6
      87.55     -339.5     -160.6      674.8      299.7     -402.4       1214      -1454       1988       1726       -680      -1059      -1433     -820.8     -190.4      629.2      -1442  -1.52e+04      -1074      135.9       1806       1205      21.65     -235.5       1447        216      361.2      893.7      958.8      -1978      947.6       2373       2275       1320       2096      511.3       4320      19.76      401.7      346.5      103.2        367       35.4      709.5      462.4       3104     -287.2      54.78      407.2      586.3       1351      251.4      233.2      553.4       2083      180.8      534.2     -133.9      182.6      339.3       2097       2027      432.6
      125.4      46.61      799.3      981.9      685.6      494.9     -82.43      887.7       1228       1589      375.1       -349      392.5     -777.9      21.82     -66.88      -1383      -1074 -1.484e+04      191.3       1200      10.24     -778.7     -961.7      -2245     -311.4        294     -501.4     -100.4      -2854       1715      -1976     -878.3       1313      844.5     -629.2 -1.879e+04       1037      583.6      86.58        347      942.2      651.9       1465      324.5       2833      866.6      763.1      914.2      918.8       1335      196.7     -72.35      562.5       1334      972.4      491.6     -70.13      46.79        479       2261       2312      409.2
      152.6      162.8      -6487      -1097       -369      83.23        901      527.8       4442       4310     -946.5      210.3     -387.9     -207.7      574.6      563.4      186.4      135.9      191.3  -1.43e+04      -4104      -2512      -1610      -1646      -2541     -585.6      375.7      359.3       1349      915.6       2435      691.4      -4815      100.3        511      666.9       7060      -1094     -399.1      35.48      196.9      760.7      476.6      386.7      454.5       3061      911.7      229.2      882.9     -691.1      556.8      66.02      85.95      981.2       1902     -473.4       1058      155.8      87.89      200.8      -1417      -1328      55.42
       1234      768.2      -2151      861.5      823.3      14.24       3788     -363.4      -2328      -7318       3428      -3068      -6845      -2375      -2778      -4317      40.36       1806       1200      -4104 -1.766e+05 -1.892e+04 -1.217e+04      -3534      -4545 -3.699e+04        541        836       2545       3158       5724       5185       6631     -268.4       2129       1196       9024       1419       2106       1204      835.7      -3690       2197     -299.6      751.9       3845      250.8       1261       1292       3607       3340      799.1       1130      -3120       4332       3506     -428.7      26.59     -29.74       1638       1671       2122       1698
      -1107      33.11 -1.082e+04       3623     -726.7      -9478       2970      -8916       6922       6823      -8150       4058     -211.8      804.5     -161.1      446.2       2024       1205      10.24      -2512 -1.892e+04 -4.279e+05  -1.78e+04 -1.022e+04 -2.424e+04 -1.427e+04      930.5      -2677       2781       7723       6575       5347       5956       5540      -2129       1010       6624       6099       2020     -585.4      991.5      -2435     -169.7      -9430       1205       4735       1455     -102.5      -4547       5417       5310     -825.8      876.5      -1632       6684       5903      -1303       1563       94.7      -2893      -1222       1160      -2282
      165.5     -643.3      78.97       1271      -1724     -636.9      -1174      -1978       7648       7980      -4130      -1215     -234.4      -3528       2193       1201       1369      21.65     -778.7      -1610 -1.217e+04  -1.78e+04 -1.236e+05 -1.219e+04      -4585      -5295      -1635       3008       1112       3228       5161       4837       5718      -2550       2015      872.9       8962      -3611       1304     -39.85      535.8     -476.1     -310.6       1347        646       3627       1630     -760.6      955.4       2746      -2552      146.7      835.7      -2955       4790       2172      -2010     -253.2       6.94     -407.4     -168.2      -1783     -284.5
      846.4     -293.6      -1478      -3992      613.7      -2254       3896      -1294       5729      -1329       1064      446.6       1627      -1146     -259.6     -413.8        300     -235.5     -961.7      -1646      -3534 -1.022e+04 -1.219e+04  -9.32e+04      -4284      -2843      418.9       1404       1177       2888       4920      -1079 -2.686e+04      -1289     -16.81      520.7       8244 -1.098e+04      381.5       1067      899.3       1571      293.3      646.3      208.7       2779       2950      939.5       1187       1857       2799        399      705.4      33.36     -198.9      250.2      477.4      278.5      145.7     -334.5       3134       1616     -323.3
        463     -29.74      -1859       2388       1289     -627.9       -704     -353.3     -550.7       4332      -6055      264.6       2880      -1573       2396     -188.9     -462.6       1447      -2245      -2541      -4545 -2.424e+04      -4585      -4284 -7.015e+04      -1622     -347.5      -1678      -3216      -6275       1995       4470      -1576      412.1       1890      -3088 -8.204e+04     -680.5      -1600      353.1      406.1      22.86      33.68      -3310      779.1       3855     -525.3      491.8      381.3       3887       4209      -26.9      398.3      60.24      -3544 -1.077e+04       -825      242.5      76.94      681.8      361.3       2154      647.3
      665.2       1178     -301.8      -1119      766.5     -648.7      911.4       1457       2230      -3439      603.8      -1321      -2469     -607.7      595.9      726.4     -572.7        216     -311.4     -585.6 -3.699e+04 -1.427e+04      -5295      -2843      -1622 -6.309e+04       1151      -2552       1802       5275       1931       4655       6060      -1042       2493      875.3       8675      -2573      -1302      390.7      112.6        400       2019      96.61      493.2       3305       1414       1289      -1018       2713        444      314.5      583.5      223.5      872.1       2166       -823      518.9      115.3      113.4      -2122     -261.1      247.1
      284.7      -3337     -886.6      42.99      -1358     -587.3      111.2     -574.2      -1170       1323      175.5       1735      572.8      341.5      615.1      391.4     -421.4      361.2        294      375.7        541      930.5      -1635      418.9     -347.5       1151      -6107     -145.4      435.3       1252     -298.7       1852     -511.5      463.3     -337.5      169.9       1198       1272      91.73      353.7      245.2      415.4      528.1      693.1      224.3       2433     -71.72      53.67      421.4      681.8      -4.95     -125.4      120.5      501.5      547.7       -317      418.1      73.31      39.98      191.4      408.4      445.9      150.9
      261.8     -163.2       1382      -2245       1964       1404      400.3       1771       1868       3764      -1710      732.7     -45.42     -768.4      1.378       1229        640      893.7     -501.4      359.3        836      -2677       3008       1404      -1678      -2552     -145.4 -3.727e+04      -2155      -1093      -4597       2318      -2149      -4599  -1.03e+04      -1481  -4.31e+04     -517.1  -1.54e+04      28.95      429.2       1359       1362      764.6      368.4       2979       1569      851.3      667.5       2577       2961      105.5      506.1       1320      -1468      -2910      846.2     -150.7       93.5      494.1       2193       1540      729.9
     -67.12      551.5       1065       1873       1325       1919       2110       2231       2509      631.8       1827       1902       1752       2074       1407      -1644       1065      958.8     -100.4       1349       2545       2781       1112       1177      -3216       1802      435.3      -2155 -7.056e+04 -2.469e+04      -1523 -2.996e+04 -1.686e+04      -8068      -4989     -50.47       3426 -3.612e+04      -4367     -170.4     -105.4      398.6      54.12      -1010     -86.59       1127      603.6     -144.2      406.4      -4065      904.5      354.7      709.3      284.2 -1.028e+04      -4258     -823.4      758.1     -25.38      510.1      -1516      -3527      427.1
     -115.6       1609      391.3      80.01       3626      633.3       4641       4498       1618 -2.933e+04       3777       2009      -4598       2248      997.7       1106      725.6      -1978      -2854      915.6       3158       7723       3228       2888      -6275       5275       1252      -1093 -2.469e+04 -3.862e+05 -1.078e+04 -2.956e+04      -7561 -1.132e+04      -6633       1135       9394 -1.831e+04      -2705     -649.4      -1225      853.9       3090      -4878      692.1       3752       2527       3099       1783       1169       4594        446       1347      -3952       3994       2304      -6168       1705      32.22      73.98       4023       3455     -83.41
     -288.2      169.2       2366      161.7       1844        364       1474     -885.8       5648       4881      569.2      -1168     -258.2       3471      -2551        853      -3980      947.6       1715       2435       5724       6575       5161       4920       1995       1931     -298.7      -4597      -1523 -1.078e+04 -1.608e+05      -2126       4692      -9705      -4031      493.1       8616 -1.113e+04      590.9      244.1      556.9     -10.53       1228       2926      367.2       3108       1766     -110.1       -564       2450       1165     -469.1        119        976       5442       4753       1523      534.2      236.4       1388       2101       1125       1518
      -1212       1775       1080       1941       1948       2045       3586       3797       5059       5464       2105       4026       3992       2074      194.6      -4785       2439       2373      -1976      691.4       5185       5347       4837      -1079       4470       4655       1852       2318 -2.996e+04 -2.956e+04      -2126 -9.951e+05 -9.066e+04 -2.225e+04     -348.5     -429.8       7432      -5449       3332      -1106      229.4       2284       1902       3891     -533.4       1418       3221        931       1871      -6597       2365     -168.3       1935       2576       3137       2626        264       2046     -138.4      -1786      218.6      -4132      -6515
     -31.66      -1944      -3472      -2552       3431     -700.7       2358      -8190       7540       7930     -950.9      -8292       3906      -1613       1098     -644.8      404.3       2275     -878.3      -4815       6631       5956       5718 -2.686e+04      -1576       6060     -511.5      -2149 -1.686e+04      -7561       4692 -9.066e+04 -4.726e+05 -1.363e+04       4340       1012  1.013e+04 -1.433e+04      -1473      264.5      -1862       2276       1048       3646      680.7       3724       3796      864.7       1798      -2375       1447        259      899.9       2921 -2.567e+04 -2.649e+04       1635     -753.5      44.32      190.5       3424      777.3       1660
      521.1     -129.5     -6.079      -3337       1085       2139       3790      -1445      -1099       5078      -5963       5057       3584       2571       1873       1336     -199.1       1320       1313      100.3     -268.4       5540      -2550      -1289      412.1      -1042      463.3      -4599      -8068 -1.132e+04      -9705 -2.225e+04 -1.363e+04 -1.235e+05      -4568      -6158 -1.502e+05 -1.049e+04      -6065        336      30.88        751        976       3708      275.1       2923       2144       1364      987.3       3086       3683      46.89       1155     -430.9       6106       5377     -832.2      762.2     -99.41      516.9      -2216      -2736      307.4
      195.8     -719.9     -123.7       3381     -46.53       1163       1710     -795.6       1878      640.1       2044       3010      -1419      657.8       3358      736.3       1211       2096      844.5        511       2129      -2129       2015     -16.81       1890       2493     -337.5  -1.03e+04      -4989      -6633      -4031     -348.5       4340      -4568 -6.777e+04       1149       9982      -5663      -6177      140.6      446.7       1160       1134       2795      503.5       3235       2028       1032      990.1      379.8       1391      408.9      161.1     -638.2       1453     -989.8      731.6      832.6      145.1       -363      120.8      -2047     -201.6
      313.4      425.8      664.5      805.3      422.2      585.9      510.6      546.9       1033       1296      738.8      669.6       1034      758.3      545.2      419.7      361.5      511.3     -629.2      666.9       1196       1010      872.9      520.7      -3088      875.3      169.9      -1481     -50.47       1135      493.1     -429.8       1012      -6158       1149 -1.116e+04 -2.247e+05      689.1       -192      321.4      216.7      253.6      208.5      229.8      -1426      -1437      126.4        203      288.6      337.6      330.4      153.2      212.3     -220.5      630.8      190.1     -166.6        223      55.87        211        551      311.9      198.3
       2776       2481       7088       7322       7719       8016       8419       8165       9545  1.009e+04       8680       8420       9022       7865       7427       6773       2478       4320 -1.879e+04       7060       9024       6624       8962       8244 -8.204e+04       8675       1198  -4.31e+04       3426       9394       8616       7432  1.013e+04 -1.502e+05       9982 -2.247e+05 -5.157e+06       9243 -1.472e+04       2840       2015       5574       5989      434.4      -2717      -2739       5833       5808       5609       7650       7824      217.1       2165      -9375       8481       7595      -7665      422.8      847.7       5019       8301       7777       5009
      698.7      352.5      -2317       3598       1965       4101       4387       5118       4971      -8189       5338     -377.2      141.4       3130      63.61     -169.4     -325.4      19.76       1037      -1094       1419       6099      -3611 -1.098e+04     -680.5      -2573       1272     -517.1 -3.612e+04 -1.831e+04 -1.113e+04      -5449 -1.433e+04 -1.049e+04      -5663      689.1       9243 -1.494e+05     -581.5      369.7      958.8      562.6     -632.1       1036      499.8       3450       2447       1259      861.9      906.6      253.3     -872.3       1063      961.4      -5218      -7027       1327      745.6     -2.105     -259.7     -793.6      -1765      -1552
      589.6      354.5      754.7     -381.5       1829       1859       1338       1078      -1000       3206     -884.8     -488.8      -1839      27.85     -537.5       1417      755.2      401.7      583.6     -399.1       2106       2020       1304      381.5      -1600      -1302      91.73  -1.54e+04      -4367      -2705      590.9       3332      -1473      -6065      -6177       -192 -1.472e+04     -581.5 -3.252e+04      610.2      211.8      426.5       1402     -253.2        501       3244      933.2       1137      581.1       1329       2209     -72.07      720.2       2094      -1703       -4.5      792.7     -418.7      143.1      413.7       1432     -462.7        457
      -1693     -257.8      399.4      299.8      439.8        247     -693.2     -84.42     -408.8     -277.4     -164.2      346.5        119      146.2      142.4      33.41      252.5      346.5      86.58      35.48       1204     -585.4     -39.85       1067      353.1      390.7      353.7      28.95     -170.4     -649.4      244.1      -1106      264.5        336      140.6      321.4       2840      369.7      610.2      -2871     -305.1      125.7      292.1     -113.6        283       1917      455.1      192.8        193     -198.4     -736.4     -69.96      3.568      249.2     -350.1      3.075      274.8      96.47      3.596      158.5     -318.8     -124.3      144.1
       -225       5.98      604.2      439.8        818      528.1        638     -26.27      51.47     -343.1      210.5      199.6      451.5      461.8      540.6      82.33      493.4      103.2        347      196.9      835.7      991.5      535.8      899.3      406.1      112.6      245.2      429.2     -105.4      -1225      556.9      229.4      -1862      30.88      446.7      216.7       2015      958.8      211.8     -305.1      -3647     -306.2     -31.16     -381.7      123.3      60.69     -415.5       -326     -62.53     -804.1     -141.4     -637.3     -21.76     -42.02      274.4     -252.9      23.86      58.94      37.29      117.1      449.2      659.6        209
      54.33      296.2      633.9     -473.6      751.6      856.6     -18.78      970.7       1614       2484       1067      273.8      334.1      750.3      413.7      400.3      633.6        367      942.2      760.7      -3690      -2435     -476.1       1571      22.86        400      415.4       1359      398.6      853.9     -10.53       2284       2276        751       1160      253.6       5574      562.6      426.5      125.7     -306.2 -1.239e+04      -1684     -503.4      -1727 -3.742e+04     -741.9     -524.9      -3677         72      -1300     -106.1      56.53     -232.2       1719       1262      62.48      203.7      53.54      402.8       -282     -197.6      436.2
      198.3      818.4      539.7       1648      -1108     -640.7       1268      101.4     -60.08       2549      982.7      858.5       1537      749.9       73.5      675.5     -77.22       35.4      651.9      476.6       2197     -169.7     -310.6      293.3      33.68       2019      528.1       1362      54.12       3090       1228       1902       1048        976       1134      208.5       5989     -632.1       1402      292.1     -31.16      -1684 -1.718e+04       -828      52.68     -492.2      -1078      -2722      -1112       1131      741.9     -119.1      134.2      75.24       2107      437.5     -69.69      601.8      30.51        634      150.5     -145.2      796.3
        307       1362     -483.5      931.4      953.3      129.4       1247      783.2      -4229       4292      -1370     -574.4     -99.22       1185      786.5     -616.5      -1397      709.5       1465      386.7     -299.6      -9430       1347      646.3      -3310      96.61      693.1      764.6      -1010      -4878       2926       3891       3646       3708       2795      229.8      434.4       1036     -253.2     -113.6     -381.7     -503.4       -828 -3.058e+04      476.2       2966      -9119      182.7      49.02      170.1     -117.3      325.1      359.3      702.2      927.2       1593       1047        638      152.9      567.8       -215       1158      651.9
      280.2      403.7        556      566.2      469.8      427.6      390.5      327.9       1172        780      481.6      304.4      789.5      507.1      375.5      239.8      445.5      462.4      324.5      454.5      751.9       1205        646      208.7      779.1      493.2      224.3      368.4     -86.59      692.1      367.2     -533.4      680.7      275.1      503.5      -1426      -2717      499.8        501        283      123.3      -1727      52.68      476.2 -1.387e+04 -2.546e+05      87.64      75.76      14.55      250.5        153      245.9        184      142.5      479.6     -58.88      -1145      314.4      72.38      111.6      382.3      136.6      87.12
       2003       2854       3366       3448       3275       3133       3142       2970       4649       3902       3287       2931       3850       3170       2949       2646       3144       3104       2833       3061       3845       4735       3627       2779       3855       3305       2433       2979       1127       3752       3108       1418       3724       2923       3235      -1437      -2739       3450       3244       1917      60.69 -3.742e+04     -492.2       2966 -2.546e+05 -5.168e+06       2203      825.5      -1775       2682       2476       1909       1023      -1153       3300       2270 -2.618e+04       2055       1101       2182       3096       2617       2148
      437.4       1021      -1175       2055       1503        616      -2789       1723     -552.3       3877      773.5     -672.8       2165      310.6      407.9      805.5      78.13     -287.2      866.6      911.7      250.8       1455       1630       2950     -525.3       1414     -71.72       1569      603.6       2527       1766       3221       3796       2144       2028      126.4       5833       2447      933.2      455.1     -415.5     -741.9      -1078      -9119      87.64       2203 -3.163e+04      171.2     -222.6       1432      24.82      76.16      390.6      23.73       3444       2477      294.2        786      104.8      590.4     -192.2      67.77      663.4
      189.4      580.2       1406       1337     -506.8      126.4      2.698     -75.76       2006       1104     -416.8        337       1068      350.2      601.3      541.2      625.6      54.78      763.1      229.2       1261     -102.5     -760.6      939.5      491.8       1289      53.67      851.3     -144.2       3099     -110.1        931      864.7       1364       1032        203       5808       1259       1137      192.8       -326     -524.9      -2722      182.7      75.76      825.5      171.2      -9154     -449.5     -498.6     -326.8     -1.145      238.6      263.5     -469.4      -1275      173.5      544.2      76.81        683      261.1     -99.19      679.7
        150      383.1        696       1011      672.6      649.6        887      256.7      705.6       1816      931.6     -311.3      572.7      466.7      437.1      162.3      586.4      407.2      914.2      882.9       1292      -4547      955.4       1187      381.3      -1018      421.4      667.5      406.4       1783       -564       1871       1798      987.3      990.1      288.6       5609      861.9      581.1        193     -62.53      -3677      -1112      49.02      14.55      -1775     -222.6     -449.5      -8622      14.89      -1102     -155.2      33.26      62.63       1271      921.4     -141.1     -124.6       30.4     -71.32      290.7      472.2     -30.55
      65.66      176.3       1162        309      365.6       1220      -1278       1417      -4718      815.3       2755       2510       1019      448.9      783.9      433.8      878.2      586.3      918.8     -691.1       3607       5417       2746       1857       3887       2713      681.8       2577      -4065       1169       2450      -6597      -2375       3086      379.8      337.6       7650      906.6       1329     -198.4     -804.1         72       1131      170.1      250.5       2682       1432     -498.6      14.89 -4.257e+04 -2.472e+04     -141.3     -168.4      470.7      787.6       2828      560.9      182.2      130.9       1127      792.7       1802      885.3
     -49.25      470.6     -412.7      88.63      -2843      790.3      -2788       2715      -9546       1697       2475       1868      819.4     -176.5       1622       1546      916.8       1351       1335      556.8       3340       5310      -2552       2799       4209        444      -4.95       2961      904.5       4594       1165       2365       1447       3683       1391      330.4       7824      253.3       2209     -736.4     -141.4      -1300      741.9     -117.3        153       2476      24.82     -326.8      -1102 -2.472e+04 -6.295e+04     -269.9     -118.4       1176      740.7       2969      649.8      477.7      209.4      753.1     -5.931       99.2      535.1
      -55.3      11.56      670.9      392.3      986.9      444.5       1048     -1.283     -12.17      204.2      376.7      475.8      653.1        411      445.4      574.8      204.6      251.4      196.7      66.02      799.1     -825.8      146.7        399      -26.9      314.5     -125.4      105.5      354.7        446     -469.1     -168.3        259      46.89      408.9      153.2      217.1     -872.3     -72.07     -69.96     -637.3     -106.1     -119.1      325.1      245.9       1909      76.16     -1.145     -155.2     -141.3     -269.9      -3695     -211.4      171.6      649.1      329.8      74.47     -271.4      12.36      201.9      341.3      380.6      241.4
     -42.13      143.9      366.7     -14.65       1046      38.03      812.3      358.7      878.5       -424      749.7     -24.55      659.4      10.75      838.7        665      295.9      233.2     -72.35      85.95       1130      876.5      835.7      705.4      398.3      583.5      120.5      506.1      709.3       1347        119       1935      899.9       1155      161.1      212.3       2165       1063      720.2      3.568     -21.76      56.53      134.2      359.3        184       1023      390.6      238.6      33.26     -168.4     -118.4     -211.4      -3703     -101.5     -158.6        397     -68.96     -667.8      45.77      38.17       38.3      372.8      63.67
      232.2      719.8       1743       1169        -34      230.3      244.6       1625      630.2      -1378     -284.1      865.4     -147.3      620.4      596.9      50.89      668.2      553.4      562.5      981.2      -3120      -1632      -2955      33.36      60.24      223.5      501.5       1320      284.2      -3952        976       2576       2921     -430.9     -638.2     -220.5      -9375      961.4       2094      249.2     -42.02     -232.2      75.24      702.2      142.5      -1153      23.73      263.5      62.63      470.7       1176      171.6     -101.5 -1.181e+04       1469        273      -5039      46.07      64.52     -171.7       1346        463     -178.7
     -78.65       1689       4288       1833       3066      -4225       3261       2216     -76.06 -1.066e+04      559.5     -645.9     -665.8       4343       2231     -288.5       2025       2083       1334       1902       4332       6684       4790     -198.9      -3544      872.1      547.7      -1468 -1.028e+04       3994       5442       3137 -2.567e+04       6106       1453      630.8       8481      -5218      -1703     -350.1      274.4       1719       2107      927.2      479.6       3300       3444     -469.4       1271      787.6      740.7      649.1     -158.6       1469 -2.017e+05 -8.868e+04       1527     -242.4        222     -477.7      816.3       2410     -900.2
     -138.5       1487       3057      -2923       1032     -582.9      -9369     -246.9      -6995      -1161       3228      68.18       2845       3249       1076     -209.1       1536      180.8      972.4     -473.4       3506       5903       2172      250.2 -1.077e+04       2166       -317      -2910      -4258       2304       4753       2626 -2.649e+04       5377     -989.8      190.1       7595      -7027       -4.5      3.075     -252.9       1262      437.5       1593     -58.88       2270       2477      -1275      921.4       2828       2969      329.8        397        273 -8.868e+04 -2.331e+05       1171     -345.3        371      792.7       2503       2970      677.1
      189.3      770.6       1090       1217      645.4      679.7      366.2      950.9      904.6     -906.1        345      667.7     -895.1        330      339.7      317.9      612.6      534.2      491.6       1058     -428.7      -1303      -2010      477.4       -825       -823      418.1      846.2     -823.4      -6168       1523        264       1635     -832.2      731.6     -166.6      -7665       1327      792.7      274.8      23.86      62.48     -69.69       1047      -1145 -2.618e+04      294.2      173.5     -141.1      560.9      649.8      74.47     -68.96      -5039       1527       1171 -1.199e+04       10.9      101.1     -145.8       1967       1376     -197.2
      58.38      153.9      521.9      665.9       1054        528      261.9      57.51       -586      -2714     -112.9     -40.66     -132.5     -92.53      528.2      361.8      111.1     -133.9     -70.13      155.8      26.59       1563     -253.2      278.5      242.5      518.9      73.31     -150.7      758.1       1705      534.2       2046     -753.5      762.2      832.6        223      422.8      745.6     -418.7      96.47      58.94      203.7      601.8        638      314.4       2055        786      544.2     -124.6      182.2      477.7     -271.4     -667.8      46.07     -242.4     -345.3       10.9      -3450      39.95      222.3        712       1237      249.5
      38.76      37.36      111.3      15.66       12.1      87.65      206.1      219.2     -121.6      220.5      87.61      201.8      32.28      86.43      26.68        126      123.8      182.6      46.79      87.89     -29.74       94.7       6.94      145.7      76.94      115.3      39.98       93.5     -25.38      32.22      236.4     -138.4      44.32     -99.41      145.1      55.87      847.7     -2.105      143.1      3.596      37.29      53.54      30.51      152.9      72.38       1101      104.8      76.81       30.4      130.9      209.4      12.36      45.77      64.52        222        371      101.1      39.95     -240.2      30.72     -33.71     -40.13      6.735
      173.9      87.07      153.3     -135.4       1217      734.6       1542      445.2       1456      19.03       1225      887.8     -464.7      250.6      308.8        322      471.8      339.3        479      200.8       1638      -2893     -407.4     -334.5      681.8      113.4      191.4      494.1      510.1      73.98       1388      -1786      190.5      516.9       -363        211       5019     -259.7      413.7      158.5      117.1      402.8        634      567.8      111.6       2182      590.4        683     -71.32       1127      753.1      201.9      38.17     -171.7     -477.7      792.7     -145.8      222.3      30.72      -5537     -315.1      76.47      -4076
      30.39      60.61     -61.79      664.7      112.2       2234       3254       3757       3536      -1142       1054     -426.2      -1086       1114       1249       1972       1268       2097       2261      -1417       1671      -1222     -168.2       3134      361.3      -2122      408.4       2193      -1516       4023       2101      218.6       3424      -2216      120.8        551       8301     -793.6       1432     -318.8      449.2       -282      150.5       -215      382.3       3096     -192.2      261.1      290.7      792.7     -5.931      341.3       38.3       1346      816.3       2503       1967        712     -33.71     -315.1 -6.495e+04 -2.938e+04     -257.8
      104.4        720     -34.07     -417.5      -1771       2376       3259       3453       3632       1503       1692       1151     -126.6       1299       1346       1689       1122       2027       2312      -1328       2122       1160      -1783       1616       2154     -261.1      445.9       1540      -3527       3455       1125      -4132      777.3      -2736      -2047      311.9       7777      -1765     -462.7     -124.3      659.6     -197.6     -145.2       1158      136.6       2617      67.77     -99.19      472.2       1802       99.2      380.6      372.8        463       2410       2970       1376       1237     -40.13      76.47 -2.938e+04 -5.402e+04      363.8
      146.2       83.3      316.7      41.07       1227      865.5       1596      681.9       1667     -368.4       1233       1089     -476.3      450.8      401.1      303.2      479.6      432.6      409.2      55.42       1698      -2282     -284.5     -323.3      647.3      247.1      150.9      729.9      427.1     -83.41       1518      -6515       1660      307.4     -201.6      198.3       5009      -1552        457      144.1        209      436.2      796.3      651.9      87.12       2148      663.4      679.7     -30.55      885.3      535.1      241.4      63.67     -178.7     -900.2      677.1     -197.2      249.5      6.735      -4076     -257.8      363.8      -5999
