
 43

((((((((((((lepus_granatensis: 0.006302, lepus_arcticus: 0.000000): 0.000000, lepus_othus: 0.000000): 0.000000, lepus_timidus: 0.001800): 0.000000, (lepus_capensis: 0.007396, (lepus_castroviejoi: 0.000000, lepus_corsicanus: 0.000000): 0.004690): 0.000000): 0.000000, lepus_townsendii: 0.000000): 0.000000, lepus_oiostolus: 0.000000): 0.000000, (((lepus_californicus: 0.000095, lepus_americanus: 0.069548): 0.028727, lepus_saxatilis: 0.000000): 0.000000, lepus_brachyurus: 0.002494): 0.000000): 0.000000, lepus_europaeus: 0.006913): 0.010686, (sylvilagus_floridanus: 0.000000, sylvilagus_brasiliensis: 0.013581): 0.021592): 0.022172, ((pentalagus_furnessi: 0.024888, bunolagus_monticularis: 0.000000): 0.009753, (romerolagus_diazi: 0.054365, brachylagus_idahoensis: 0.021474): 0.001217): 0.000000): 0.000000, (oryctolagus_cuniculus_algirus: 0.001140, oryctolagus_cuniculus: 0.006949): 0.013715): 0.084757, (((((((ochotona_annectens: 0.000000, ochotona_cansus_cansus: 0.018682): 0.006161, (ochotona_nubrica: 0.000000, ochotona_curzoniae: 0.005489): 0.000000): 0.000000, (ochotona_dauurica_bedfordi: 0.006180, ochotona_dauurica: 0.000000): 0.014675): 0.000000, ochotona_thomasi: 0.000000): 0.017841, ((((ochotona_ladacensis: 0.077045, ochotona_rutila: 0.000051): 0.005563, ochotona_rufescens: 0.014209): 0.007668, ochotona_erythrotis: 0.000000): 0.014939, ochotona_pusilla: 0.049966): 0.000000): 0.013336, (((ochotona_mantchurica: 0.003519, ochotona_hyperborea: 0.001927): 0.000000, ochotona_hoffmanni: 0.010662): 0.003399, (ochotona_alpina: 0.000000, ochotona_turuchanensis: 0.003543): 0.011593): 0.002533): 0.000000, ochotona_princeps: 0.025858): 0.151727, ((zaglossus_bruijni: 0.000000, tachyglossus_aculeatus: 0.022640): 0.010724, ornithorhynchus_anatinus: 0.105093): 0.755739);

  0.084757  0.000000  0.022172  0.010686  0.000000  0.000000  0.000000  0.000000  0.000000  0.000000  0.000000  0.006302  0.000000  0.000000  0.001800  0.000000  0.007396  0.004690  0.000000  0.000000  0.000000  0.000000  0.000000  0.000000  0.028727  0.000095  0.069548  0.000000  0.002494  0.006913  0.021592  0.000000  0.013581  0.000000  0.009753  0.024888  0.000000  0.001217  0.054365  0.021474  0.013715  0.001140  0.006949  0.151727  0.000000  0.013336  0.017841  0.000000  0.000000  0.006161  0.000000  0.018682  0.000000  0.000000  0.005489  0.014675  0.006180  0.000000  0.000000  0.000000  0.014939  0.007668  0.005563  0.077045  0.000051  0.014209  0.000000  0.049966  0.002533  0.003399  0.000000  0.003519  0.001927  0.010662  0.011593  0.000000  0.003543  0.025858  0.755739  0.010724  0.000000  0.022640  0.105093

  0.051580 -198.606938  0.000000  0.000000 -229.319919 -514.550551 -475.747797 -484.771876 -248.769281 -84.313942 -84.313942  0.000000 -146.413730 -146.023302  0.000000 -290.490931  0.000000  0.000000 -225.350375 -289.608139 -302.212572 -38.802754 -231.160955 -163.488729  0.000000  0.006620  0.000000 -298.823140  0.000000  0.000000  0.000000 -120.223411  0.000000 -267.930806  0.000000  0.000000 -0.001455  0.006104  0.000000  0.000000  0.065100  0.000000  0.046751  0.000000 -219.308638  0.000000  0.000000 -47.019711 -95.906870  0.000000 -82.758269  0.000000 -95.906870 -85.759965  0.000000  0.000000  0.000000 -35.238044 -85.759965 -97.516094  0.000000  0.000000  0.000000  0.000000  0.000146  0.000000 -44.548069  0.000000  0.000000  0.000000 -269.346853  0.000000  0.000000  0.000000  0.000000 -145.563825  0.000000  0.000000  0.000000  0.000000 -0.238724  0.000000  0.000000


Hessian

 -1.603e+05      -4911      -3641      -4007     -181.4      346.6      302.3      294.8      170.8     -342.2     -342.2     -526.6      19.51      19.75      -1042      24.08      213.6     -109.8     -232.5      81.87      56.32      44.34      62.14      53.85      11.01      620.7      8.988      99.31     -724.9      -3616     -669.6     -169.6      3.092     -55.56     -65.96     -49.81     -8.483     -365.2      28.65     -56.72 -1.405e+05      657.3 -1.376e+05 -1.233e+05       -636     -968.3     -198.4     -116.9     -81.75     -272.8      32.81      222.9     -81.75      37.86     -9.235     -140.7       -615     -2.945      37.86      110.5      79.35     -147.8       65.4     -115.8      181.2     -112.4      34.33     -122.4     -908.7     -505.2     -382.7      311.3     -245.3     -165.6      209.7       28.2      267.5 -1.174e+05      8.624      3.522      48.82     -181.3     -130.5
      -4911 -2.351e+05 -3.702e+04 -3.012e+04      -3357      -3092      -2662      -2663      218.6     -50.71     -50.71     -18.24      6.124      6.273     -570.7      -2668      -5437      377.4      95.02      38.87     -54.18     -429.5       -142     -110.8     -253.2      145.7      364.8      -27.5     -448.3 -2.305e+04 -1.033e+04      -4882       74.8      -4546      -2427      -2141     -150.1 -1.433e+04      132.6      -8397 -1.077e+05      -2132 -2.409e+04      -3125      188.8     -620.9     -192.6       -133      14.41      81.63     -9.619       71.1      14.41     -11.49        130     -258.8      66.91     -157.9     -11.49      15.88      151.7      151.7      163.1 -2.892e-07      163.1      113.1 -1.536e-07      81.78      -6030      488.9      149.2      160.3        593      142.7      140.1     -14.14      108.2      -2647      18.19      -7.13     -62.47      126.6     -152.4
      -3641 -3.702e+04 -1.932e+05 -5.122e+04      -6690      -7274      -6456      -6456     -969.9      -1483      -1483      -2675      11.66      11.95      -1087      -5103 -1.036e+04      679.2      160.2      74.04     -132.6     -818.2 -1.417e+04 -1.411e+04 -2.695e+04        213 -2.577e+04     -81.74       -854 -3.759e+04 -1.199e+04      -6366     -24.75      420.5       2448       2974       -276       2299       1075      -4863 -4.169e+04      -6381 -3.327e+04      -1930      323.4      -1251     -435.7     -289.4      27.45      155.5     -18.32      135.4      27.45     -21.89      247.5     -561.8      127.5     -336.9     -21.89      30.25      288.9      288.9      310.6 -5.637e-07      310.6      215.4 -7.157e-09      155.8 -1.149e+04      931.2      284.2      305.3       1129      271.9      266.8     -26.93      206.2      -1146     -441.2     -62.19       -119      192.5     -814.9
      -4007 -3.012e+04 -5.122e+04 -2.323e+05 -2.731e+04 -2.753e+04 -2.671e+04 -2.568e+04      -4317      -4830      -4830      -9051      259.8      260.1     -583.6 -2.055e+04 -4.023e+04       1478      578.6      322.1      283.6     -818.2      -2575      -2502      -4852       1080      -1592      86.32     -880.4 -9.912e+04      -8274      -4225      -6312     -273.1     -186.5     -653.6      245.3      -1212      574.5     -638.1 -3.554e+04      -4997 -2.999e+04      -2646      355.7       1150       1179      558.3      27.45      155.5     -18.32      135.4      27.45     -21.89      247.5       1053      127.5      510.7     -21.89      319.9      814.5      814.5      837.5 -1.287e-06      837.5      471.3 -2.666e-07      807.3      552.4       1080      231.3      827.6       1033      795.5      843.5      267.4      669.3     -843.4      75.35      170.7  2.434e-07      170.7      102.5
     -181.4      -3357      -6690 -2.731e+04 -9.738e+04 -1.553e+04  -1.51e+04 -1.504e+04      -3818      -3714      -3714      -6993     -49.54     -49.38      539.4 -1.096e+04 -2.051e+04        477      133.1      89.66     -129.9     -429.5     -52.51     -13.99     -270.4      76.86     -287.2      58.94      459.1 -6.396e+04      -5910      -3177     -5.125      109.1     -364.7     -423.7      30.98      231.7      238.6      457.7      -3343  4.538e-07      -3343     -826.1        -31      215.1      216.6      81.86     -11.49      81.63     -9.619       71.1     -11.49     -11.49      80.62      199.7      66.91       82.8     -11.49     -19.28      78.39      78.39      88.69 -4.083e-07      88.69      74.57 -9.196e-08      83.03        114      216.3     -66.64      78.82      187.7         64      90.51     -47.11      57.27     -690.2       84.7      44.24  1.516e-08      44.24      77.44
      346.6      -3092      -7274 -2.753e+04 -1.553e+04 -1.955e+04 -1.912e+04 -1.902e+04      -7802      -7694      -7694 -1.457e+04     -70.01     -69.86      105.9 -1.119e+04 -2.095e+04       32.8     -101.4     -142.7     -152.6     -429.5     -645.3     -645.3      -1069      26.49     -734.7     -155.1        136 -1.479e+04      -4926      -2662      21.39        124      -1259      -1314      28.69     -115.1      262.2      454.7      -3185  5.085e-07      -3185      220.3     -30.84      173.9      174.2      59.59     -11.49      81.63     -9.619       71.1     -11.49     -11.49      80.62      157.3      66.91      60.53     -11.49     -39.42      40.85      40.85      50.26 -7.146e-07      50.26      25.29 -4.845e-08      46.68        115      215.6     -67.13      40.56      186.9      26.04      52.59     -67.28      19.35        188     -44.84      48.66  2.042e-08      48.66     -48.03
      302.3      -2662      -6456 -2.671e+04  -1.51e+04 -1.912e+04 -1.912e+04 -1.902e+04      -7802      -7694      -7694 -1.457e+04     -70.01     -69.86      105.9 -1.119e+04 -2.095e+04       32.8     -101.4     -142.7     -152.6  2.718e-08     -645.3     -645.3      -1069      26.49     -734.7     -155.1        136 -1.479e+04      -4926      -2662      21.39        124      -1259      -1314      28.69     -115.1      262.2      454.7      -2647  5.322e-07      -2647      194.7      -51.2      135.2      135.4      71.08  4.655e-08 -2.587e-07  5.547e-08  6.012e-07  3.939e-08 -6.489e-08  2.945e-07      135.4  1.378e-09      71.08 -1.842e-08     -39.42      40.85      40.85      50.26  -7.24e-07      50.26      25.29 -4.767e-08      46.68        115      215.6     -67.13      40.56      186.9      26.04      52.59     -67.28      19.35      196.1     -38.75      48.66    6.2e-09      48.66     -41.95
      294.8      -2663      -6456 -2.568e+04 -1.504e+04 -1.902e+04 -1.902e+04 -1.903e+04      -7878      -7770      -7770 -1.472e+04     -77.08     -76.92      92.45 -1.138e+04 -2.096e+04     -318.1     -285.7     -149.8     -158.1  2.719e-08     -465.8     -465.8     -727.4      23.39     -744.9     -153.6        136  -1.48e+04      -4921      -2660     -20.14      125.5      -1256      -1314      30.22     -115.1      262.2      454.7      -2649  4.885e-07      -2649      189.2     -64.08      110.6      112.9      59.25  4.652e-08 -2.587e-07  5.548e-08  6.012e-07  3.937e-08 -6.488e-08  2.945e-07      112.9  1.379e-09      59.25 -1.844e-08     -46.76      27.21      27.21      36.58 -6.834e-07      36.58      23.36 -4.767e-08      33.39        101      201.6     -74.51      26.56      172.9      12.14      38.71     -74.66      5.352      179.7     -38.25      47.41  6.178e-09      47.41     -43.79
      170.8      218.6     -969.9      -4317      -3818      -7802      -7802      -7878 -2.157e+04 -2.149e+04 -2.149e+04 -4.085e+04     -77.08     -76.92      -1193      18.46      176.1        258      16.78     -147.9     -34.86   3.65e-08     -340.7     -340.7     -498.8      255.9       -525     -28.54      139.5 -1.456e+04      -4095      -2331      -5850        247      -1025      -1314      151.7     -115.1      262.2      454.7      427.2  9.193e-08      427.2      227.9     -744.1      -1185      -1182     -620.7  1.822e-07 -4.475e-07  2.085e-08  5.109e-07  1.781e-07 -1.319e-08   5.12e-07      -1182 -2.469e-08     -620.7    3.2e-08     -46.76      27.21      27.21      36.58 -5.612e-07      36.58      23.36  1.724e-08      33.39        101      201.6     -74.51      26.55      172.9      12.13      38.71     -74.66       5.35       -279     -72.75     -269.1  2.835e-08     -269.1     -479.2
     -342.2     -50.71      -1483      -4830      -3714      -7694      -7694      -7770 -2.149e+04 -3.519e+04 -3.519e+04 -6.696e+04     -77.08     -76.92      298.3        126      377.2      461.3      124.4     -40.34     -34.86  3.646e-08     -233.2     -233.2     -498.8      255.9       -525      79.03      342.2 -1.436e+04      -4095      -2331      -5850        247      -1025      -1314      151.7     -115.1      262.2      454.7      427.2  5.689e-08      427.2     -232.9       -744      -1185      -1182     -620.7  2.615e-08 -4.475e-07  2.085e-08  5.109e-07  2.205e-08 -1.326e-08  2.146e-07      -1182 -2.468e-08     -620.7  3.193e-08     -46.76      27.22      27.22       36.6 -5.612e-07       36.6      23.36  1.719e-08      33.39      101.1      201.6      -74.5      26.57      172.9      12.15      38.73     -74.65      5.369     -739.7     -57.28     -269.1  3.268e-08     -269.1     -463.7
     -342.2     -50.71      -1483      -4830      -3714      -7694      -7694      -7770 -2.149e+04 -3.519e+04 -3.519e+04 -6.696e+04     -77.08     -76.92      298.3        126      377.2      461.3      124.4     -40.34     -34.86  3.646e-08     -233.2     -233.2     -498.8      255.9       -525      79.03      342.2 -1.436e+04      -4095      -2331      -5850        247      -1025      -1314      151.7     -115.1      262.2      454.7      427.2  1.232e-07      427.2     -232.9       -744      -1185      -1182     -620.7  3.175e-08 -4.475e-07  2.085e-08  5.109e-07  2.764e-08 -1.326e-08  2.252e-07      -1182 -2.468e-08     -620.7  3.193e-08     -46.76      27.22      27.22       36.6 -5.574e-07       36.6      23.36  1.936e-08      33.39      101.1      201.6      -74.5      26.57      172.9      12.15      38.73     -74.65      5.369     -739.7     -57.28     -269.1  3.268e-08     -269.1     -463.7
     -526.6     -18.24      -2675      -9051      -6993 -1.457e+04 -1.457e+04 -1.472e+04 -4.085e+04 -6.696e+04 -6.696e+04 -1.528e+05     -65.81     -65.52      722.3      321.1        871       1031      317.9      4.158       14.6  4.604e-08     -365.2     -365.2     -799.9      641.3     -854.4      150.5      651.8  -2.72e+04      -7650      -4362 -1.114e+04      470.5      -1951      -2502      289.1     -219.2      499.5        866      962.9 -7.611e-07      962.9     -318.4      -1337      -2107      -2104      -1105  -8.28e-07  -9.13e-07  7.867e-09  9.131e-07 -8.358e-07 -7.645e-07  8.421e-08      -2104 -1.071e-07      -1105 -6.785e-07     -8.517      201.6      201.6        221  -1.07e-06        221      195.3 -6.889e-07      210.2      343.2      534.5     -60.94      202.6      479.9      174.3      224.5     -61.23      162.3      -1259     -109.1     -512.6 -7.175e-07     -512.6     -883.3
      19.51      6.124      11.66      259.8     -49.54     -70.01     -70.01     -77.08     -77.08     -77.08     -77.08     -65.81     -77.08     -76.92     -144.9     -76.74     -63.37     -32.97     -77.06     -77.06     -77.08  2.577e-08     -45.42     -45.42     -86.51     -139.2     -98.42  2.647e-08  4.906e-08     -144.1      26.08      13.69 -6.253e-09   2.75e-07  4.338e-07  1.171e-09  2.214e-07  7.352e-08  7.272e-09  9.202e-08      64.22  1.121e-07      64.22      19.51     -54.13      128.9      128.7      67.57   1.46e-07  3.137e-08   1.66e-08   3.73e-08  1.465e-07  2.519e-08  2.761e-07      128.7 -1.159e-08      67.57  2.851e-08     -44.83       30.9       30.9      40.27 -1.866e-08      40.27      23.36  3.732e-08      33.39      105.4        206     -72.22      30.91      177.2      16.47      43.04     -72.37       9.71     -5.987  1.238e-07  1.409e-07  2.879e-08  1.029e-07  1.977e-07
      19.75      6.273      11.95      260.1     -49.38     -69.86     -69.86     -76.92     -76.92     -76.92     -76.92     -65.52     -76.92     -76.92     -144.7     -76.59     -63.08     -32.68     -76.91     -76.91     -76.92  2.783e-08     -45.27     -45.27     -86.22     -138.9     -98.15  2.536e-08  4.336e-08     -143.8      26.37      13.84 -8.341e-09  2.599e-07  4.305e-07 -6.822e-11  2.204e-07  4.699e-08  6.053e-09  6.551e-08      64.51  1.535e-07      64.51      19.75     -53.98      129.2        129      67.72   4.68e-08  3.605e-08  1.885e-08  4.194e-08  4.731e-08  2.766e-08  8.706e-08        129 -6.914e-09      67.72  3.097e-08     -44.67      31.19      31.19      40.56 -2.657e-08      40.56      23.65   3.29e-08      33.67      105.7      206.3     -72.06       31.2      177.5      16.76      43.33     -72.21         10     -5.702  9.168e-07   1.74e-07  3.296e-08  1.276e-07  9.803e-07
      -1042     -570.7      -1087     -583.6      539.4      105.9      105.9      92.45      -1193      298.3      298.3      722.3     -144.9     -144.7 -3.077e+05      95.57       1050      602.6      92.38      96.55     -144.9  5.029e-08      156.9      156.9     -161.5     -261.6     -184.3      241.7      980.1        538      100.8      52.94  -3.85e-07 -6.909e-09  1.881e-07  9.497e-08  7.278e-08 -1.293e-07  6.988e-08 -2.011e-07       84.9 -7.398e-07       84.9     -995.3     -105.8      138.1      244.5      128.4 -2.489e-08  3.061e-08   1.13e-08  3.599e-08 -1.245e-08  5.909e-08  2.133e-08      244.5 -6.384e-08      128.4  6.918e-08     -87.97      53.59      53.59      71.34 -4.386e-08      71.34      45.56  7.638e-08      64.63      189.6      386.5     -140.1      53.51      331.8      26.02      76.55     -140.7      13.13      -1043     -413.6 -1.862e-07   3.75e-08 -1.629e-07     -413.6
      24.08      -2668      -5103 -2.055e+04 -1.096e+04 -1.119e+04 -1.119e+04 -1.138e+04      18.46        126        126      321.1     -76.74     -76.59      95.57 -3.609e+04 -2.117e+04 -4.762e+04   -2.5e+04       -148     -33.29  2.944e-08     -72.97     -72.97      11.55      259.2     -15.65     -27.88      138.4      183.3     -335.1     -248.4      257.3      152.8      291.1  1.489e-07      152.8 -2.939e-07   1.75e-08 -2.127e-07      -2642  5.158e-07      -2642       92.7     -108.2      26.51       28.8      15.12  5.766e-08   2.61e-07  5.545e-08  1.098e-07  4.917e-08 -3.814e-08  2.602e-07       28.8  1.638e-09      15.12 -2.399e-08     -46.43      27.73      27.73      37.21 -1.775e-07      37.21      23.98 -5.318e-08      33.99      101.7      202.2     -74.17      27.19      173.5      12.77      39.34     -74.42      5.986        181      96.21      210.2  1.703e-08      210.2      240.6
      213.6      -5437 -1.036e+04 -4.023e+04 -2.051e+04 -2.095e+04 -2.095e+04 -2.096e+04      176.1      377.2      377.2        871     -63.37     -63.08       1050 -2.117e+04 -1.306e+05      752.2      172.5      172.5     -63.37  4.026e-08      230.5      230.5     -10.53     -106.6     -38.68        236      966.6      687.3      -7069      -3711 -4.392e-07  3.325e-07   2.36e-07  1.186e-07 -1.134e-07 -1.197e-07 -2.794e-07 -1.583e-07      -5167  3.602e-07      -5167     -786.2     -20.49      398.9      396.3        208  2.217e-07   3.99e-07  8.428e-08  2.141e-07  2.282e-07 -3.343e-08  5.675e-07      396.3 -4.008e-09        208 -2.155e-08     -3.702      168.6      168.6      232.1 -2.726e-07      232.1      199.6 -4.492e-08      213.5      355.5      546.8     -54.16      215.2      492.2      186.7      236.8     -54.44      174.9     -804.9      162.6      28.51 -4.315e-08      28.51      134.1
     -109.8      377.4      679.2       1478        477       32.8       32.8     -318.1        258      461.3      461.3       1031     -32.97     -32.68      602.6 -4.762e+04      752.2  -1.81e+05 -4.736e+04     -23.17       49.8   5.28e-07       80.5       80.5      231.2      708.7      171.2      56.55      469.6        769        741        251      490.1      291.1      554.5  9.059e-08      291.1 -1.249e-07  5.776e-08 -1.868e-07      598.3  -7.28e-07      598.3      341.1     -93.91      261.1      261.7      137.4  4.756e-07  1.143e-07   2.53e-08  1.373e-08  -4.17e-09  4.824e-07  2.209e-07      261.7 -6.971e-08      137.4  3.772e-08      24.29      262.6      262.6      283.6 -9.449e-08      283.6        257  1.499e-08      268.7      406.3      597.6      -28.1      265.3      543.2      236.4      285.9     -141.7      222.6      550.9      213.2        372  4.876e-07        372      516.7
     -232.5      95.02      160.2      578.6      133.1     -101.4     -101.4     -285.7      16.78      124.4      124.4      317.9     -77.06     -76.91      92.38   -2.5e+04      172.5 -4.736e+04   -2.5e+04     -149.9     -33.61   3.98e-08     -74.65     -74.65      10.96      258.6     -16.21     -29.24      135.8      180.2      278.2      73.58      257.3      152.8      291.1  2.452e-08      152.8 -4.815e-09  1.878e-08 -3.799e-08      204.1  7.026e-08      204.1      5.863     -108.5      25.92      28.22      14.82  1.036e-07  8.184e-08  2.477e-08  2.879e-08  1.005e-07  1.606e-08  3.117e-07      28.22 -1.495e-08      14.82  3.139e-08     -46.74      27.25      27.25      36.62 -4.843e-08      36.62      23.39  1.553e-08      33.41      101.1      201.6     -74.49       26.6      172.9      12.18      38.75     -74.65      5.392      94.08      68.16      195.3  1.935e-08      195.3      227.5
      81.87      38.87      74.04      322.1      89.66     -142.7     -142.7     -149.8     -147.9     -40.34     -40.34      4.158     -77.06     -76.91      96.55       -148      172.5     -23.17     -149.9     -149.9     -77.06   3.82e-08     -118.1     -118.1     -86.48     -139.2      -98.4     -72.69      135.8     -92.45      26.11      13.71 -4.984e-08  2.368e-07  4.472e-07  2.293e-08  2.357e-07  6.783e-09  9.046e-09 -2.887e-08      64.25  6.856e-08      64.25       94.3     -54.11      128.9      128.7      67.59  1.203e-07  3.927e-08  1.822e-08  4.024e-08  1.273e-07  4.337e-08  2.672e-07      128.7 -1.005e-08      67.59  4.887e-08     -44.81      30.93      30.93       40.3 -1.842e-08       40.3      23.39   4.29e-08      33.41      105.4        206      -72.2      30.94      177.3       16.5      43.07     -72.37      9.738      68.81     -3.539  8.349e-08  3.775e-08    5.9e-08     -3.539
      56.32     -54.18     -132.6      283.6     -129.9     -152.6     -152.6     -158.1     -34.86     -34.86     -34.86       14.6     -77.08     -76.92     -144.9     -33.29     -63.37       49.8     -33.61     -77.06     -159.6  2.942e-08       -128       -128     -222.1      20.45     -239.5     -82.56  4.452e-08     -104.7      18.62     -65.73      21.39      28.69      54.64  1.072e-09      28.69  -5.56e-08  1.415e-08 -3.294e-08     -26.43  3.029e-08     -26.43      28.03     -56.16        125      124.8      65.55  9.609e-08   7.82e-08  2.541e-08  2.802e-08  8.655e-08  4.812e-10  2.583e-07      124.8 -1.183e-08      65.55  1.342e-08     -44.83       30.9       30.9      40.27 -5.796e-08      40.27      23.36  4.843e-09      33.39      105.4        206     -72.22      30.91      177.2      16.47      43.04     -72.37       9.71      23.73      13.89      33.69  4.484e-09      33.69      25.67
      44.34     -429.5     -818.2     -818.2     -429.5     -429.5  2.718e-08  2.719e-08   3.65e-08  3.646e-08  3.646e-08  4.604e-08  2.577e-08  2.783e-08  5.029e-08  2.944e-08  4.026e-08   5.28e-07   3.98e-08   3.82e-08  2.942e-08     -429.5  4.977e-08  6.109e-08  8.478e-08  3.168e-08  6.999e-08  2.518e-08 -9.998e-10  2.049e-07  1.233e-07  8.346e-08    9.8e-10  2.173e-07  3.989e-07   1.58e-09  2.315e-07 -2.563e-09 -3.596e-09 -1.861e-08     -537.6  2.284e-08     -537.6      25.58      20.36      38.77      38.77     -11.49     -11.49      81.63     -9.619       71.1     -11.49     -11.49      80.62       21.9      66.91     -10.55     -11.49  1.626e-08  4.233e-08  3.681e-08   3.33e-08  2.237e-08  2.492e-08   2.64e-08  6.403e-09  3.308e-08  4.774e-08  4.907e-08  2.546e-08  2.014e-08  5.163e-08 -1.701e-07  1.431e-08  2.767e-08  1.211e-08     -8.077     -6.084  7.943e-08  3.505e-08  5.766e-08     -6.084
      62.14       -142 -1.417e+04      -2575     -52.51     -645.3     -645.3     -465.8     -340.7     -233.2     -233.2     -365.2     -45.42     -45.27      156.9     -72.97      230.5       80.5     -74.65     -118.1       -128  4.977e-08      -2594      -2555      -4708     -6.933      -3427     -155.1      62.62     -356.4      72.04     -37.68      21.39      182.4      467.7      413.1      28.69      679.7      275.4     -335.3      53.55  5.397e-07      53.55      127.1     -49.81      167.2     -393.2     -206.4  2.445e-08  1.002e-08  2.685e-08  7.289e-08   3.75e-08 -1.094e-08  3.062e-08     -393.2 -1.257e-08     -206.4   2.23e-08     -24.36       76.1       76.1       85.8  -1.71e-07       85.8      47.47 -2.531e-09      77.67      111.6        212      -64.8       78.1      183.3      63.24      89.08     -45.27      57.04      156.2     -62.01      33.69  6.878e-08      33.69     -50.24
      53.85     -110.8 -1.411e+04      -2502     -13.99     -645.3     -645.3     -465.8     -340.7     -233.2     -233.2     -365.2     -45.42     -45.27      156.9     -72.97      230.5       80.5     -74.65     -118.1       -128  6.109e-08      -2555      -2555      -4708     -6.933      -3427     -155.1        136     -356.4      98.05     -24.03      21.39      182.4      467.7      413.1      28.69      679.7      275.4     -335.3      66.74  5.211e-07      66.74      122.5     -30.12      167.2     -393.2     -206.4  2.705e-08 -1.136e-08  2.403e-08  6.963e-08  2.317e-08 -7.443e-09  8.947e-09     -393.2 -1.667e-08     -206.4  4.171e-08     -24.36       76.1       76.1       85.8 -1.631e-07       85.8      47.47  2.014e-08      77.67      149.1      249.5     -45.12       78.1      220.8      63.24      89.08     -45.27      57.04      145.3     -74.06      33.69  7.364e-08      33.69     -62.28
      11.01     -253.2 -2.695e+04      -4852     -270.4      -1069      -1069     -727.4     -498.8     -498.8     -498.8     -799.9     -86.51     -86.22     -161.5      11.55     -10.53      231.2      10.96     -86.48     -222.1  8.478e-08      -4708      -4708     -1e+04 -1.848e+04      -6930     -135.6  1.288e-07     -747.6      219.9     -24.24      72.06      364.2      922.7      786.9      71.31       1295      524.5     -638.7      164.1  1.419e-07      164.1      118.8     -40.13      351.4       -716     -375.9  9.976e-09 -5.075e-08  3.592e-08  1.152e-07 -8.724e-09 -5.498e-08 -1.404e-07       -716 -4.698e-08     -375.9  3.482e-08      -46.4      144.9      144.9      163.4 -3.243e-07      163.4      90.42  2.101e-08      147.9        284      475.1     -85.94      148.8      420.5      120.5      169.7     -86.22      108.7      166.3     -118.3      94.11  4.087e-08      94.11     -82.26
      620.7      145.7        213       1080      76.86      26.49      26.49      23.39      255.9      255.9      255.9      641.3     -139.2     -138.9     -261.6      259.2     -106.6      708.7      258.6     -139.2      20.45  3.168e-08     -6.933     -6.933 -1.848e+04 -3.178e+05      -7481      159.6  4.463e-08        414      638.1      197.8      636.6      368.5        702 -8.418e-08      368.5  1.816e-07 -8.239e-08  5.118e-08      510.5 -3.251e-07      510.5      555.5      201.8      824.5        701        368 -8.311e-08   1.02e-07  2.379e-08   7.81e-09 -1.013e-07  -2.36e-08 -2.074e-08        701 -6.769e-08        368  1.965e-09     -80.96      68.88      68.88      86.77  -1.25e-07      86.77      51.12 -9.378e-09      70.73      210.8      402.6     -131.4      69.77      347.8      42.11       92.6     -131.7      29.34      640.4      315.7      615.9 -5.445e-08      615.9      588.8
      8.988      364.8 -2.577e+04      -1592     -287.2     -734.7     -734.7     -744.9       -525       -525       -525     -854.4     -98.42     -98.15     -184.3     -15.65     -38.68      171.2     -16.21      -98.4     -239.5  6.999e-08      -3427      -3427      -6930      -7481      -7706     -141.1  2.733e-08     -796.5      154.1     -28.53      48.63      351.7      898.9      786.9      58.81       1295      524.5     -638.7      503.9  -8.89e-08      503.9      117.4     -56.92      289.8      275.1      144.4  2.804e-08 -8.343e-08  1.969e-08  1.176e-07  9.582e-09 -6.962e-08 -2.631e-07      275.1 -7.563e-08      144.4  5.082e-08     -49.26      114.7      114.7      128.4 -1.619e-07      128.4      67.56   4.71e-08       85.6      256.3      446.5     -89.74      130.2      391.9      102.2      149.6     -90.03      90.61      128.1     -128.7      73.22  1.036e-07      73.22       -102
      99.31      -27.5     -81.74      86.32      58.94     -155.1     -155.1     -153.6     -28.54      79.03      79.03      150.5  2.647e-08  2.536e-08      241.7     -27.88        236      56.55     -29.24     -72.69     -82.56  2.518e-08     -155.1     -155.1     -135.6      159.6     -141.1     -155.1        136      91.23     -7.465     -79.42      21.39      28.69      54.64  2.969e-08      28.69  4.065e-09  1.658e-08 -4.602e-08     -90.66  4.965e-08     -90.66      83.43      -2.03     -3.866     -3.866      -2.03  8.639e-08   7.02e-08  1.858e-08  9.014e-09  8.238e-08  2.069e-09  2.811e-07     -3.866  1.679e-08      -2.03  1.345e-08  9.848e-09  4.445e-08  3.983e-08   3.99e-08 -8.164e-09  1.258e-08 -6.266e-08  -9.68e-09  4.227e-08  2.054e-08  7.347e-08  2.477e-08  -9.03e-09  1.186e-07 -1.814e-07  1.296e-08   1.13e-08 -4.368e-08      104.6      10.43      33.69  1.459e-08      33.69       22.2
     -724.9     -448.3       -854     -880.4      459.1        136        136        136      139.5      342.2      342.2      651.8  4.906e-08  4.336e-08      980.1      138.4      966.6      469.6      135.8      135.8  4.452e-08 -9.998e-10      62.62        136  1.288e-07  4.463e-08  2.733e-08        136   -1.6e+05      616.7     -49.55     -26.01 -2.296e-07  8.292e-08  1.024e-08  2.172e-08  4.947e-08  1.439e-07 -3.035e-08  8.046e-08     -25.13    1.6e-07     -25.13     -691.3     -37.49   9.16e-08  1.037e-07  9.227e-08  3.061e-08  4.683e-08  3.752e-09  2.985e-09  7.432e-08  2.405e-08  1.837e-07  1.027e-07  1.852e-09  6.017e-08 -2.922e-09  5.317e-08 -3.177e-08 -3.648e-08  9.571e-08 -2.098e-08  8.214e-08 -3.475e-08 -2.286e-08   8.92e-08     -71.41     -71.41     -37.49   6.38e-08     -71.41  3.478e-08  3.773e-08  4.798e-08 -3.228e-08     -679.5     -277.3 -1.702e-08  1.127e-08  1.324e-08     -277.3
      -3616 -2.305e+04 -3.759e+04 -9.912e+04 -6.396e+04 -1.479e+04 -1.479e+04  -1.48e+04 -1.456e+04 -1.436e+04 -1.436e+04  -2.72e+04     -144.1     -143.8        538      183.3      687.3        769      180.2     -92.45     -104.7  2.049e-07     -356.4     -356.4     -747.6        414     -796.5      91.23      616.7   -2.6e+05 -1.686e+04      -8989      407.7      -13.3      -1266      -1738      247.6      -1455       1074      -6304 -2.779e+04      -4997 -2.223e+04      -3490      183.7      790.2      794.8      417.3      49.34 -1.999e-06 -2.508e-07  2.079e-06      49.34 -2.425e-07      93.98      700.9  4.698e-08        368  7.396e-07     -86.76      54.93      54.93      72.35 -1.201e-06      72.35      46.55  -6.27e-08      65.56        194      385.5     -139.3      53.71      330.7      26.21      76.52     -139.5      13.39      -1858     -120.7     -591.2  8.286e-08     -591.2     -713.9
     -669.6 -1.033e+04 -1.199e+04      -8274      -5910      -4926      -4926      -4921      -4095      -4095      -4095      -7650      26.08      26.37      100.8     -335.1      -7069        741      278.2      26.11      18.62  1.233e-07      72.04      98.05      219.9      638.1      154.1     -7.465     -49.55 -1.686e+04 -1.358e+05 -6.595e+04      265.4      -5674     -160.3     -382.1      116.5 -1.086e+04     -484.1 -1.048e+04 -1.234e+04       2142 -1.077e+04     -137.4      344.4      345.9      359.9      188.9 -1.966e-07 -1.222e-07  4.409e-08  4.904e-07   1.34e-07 -1.384e-07  -2.71e-07      359.9 -9.656e-08      188.9  -3.84e-08      75.71      357.1      357.1      377.2  -6.11e-07      377.2      339.4 -5.847e-08      352.9       1050       1408      403.8      410.1       1357      380.6      429.2      49.91      350.5        975      149.6      106.8       -119      361.6     -82.07
     -169.6      -4882      -6366      -4225      -3177      -2662      -2662      -2660      -2331      -2331      -2331      -4362      13.69      13.84      52.94     -248.4      -3711        251      73.58      13.71     -65.73  8.346e-08     -37.68     -24.03     -24.24      197.8     -28.53     -79.42     -26.01      -8989 -6.595e+04 -3.469e+04     -265.7      -3009     -140.3     -200.6      31.65      -5702     -254.1      -5501      -5473       1124      -4647      93.28      213.3      243.5      250.8      131.7 -2.467e-08 -2.407e-08  4.498e-08  2.982e-07  1.488e-07 -5.148e-08  8.793e-09      250.8 -9.499e-09      131.7  1.181e-09      39.75      187.5      187.5      198.1 -3.222e-07      198.1      178.2 -1.852e-08      185.3      551.3      738.9        212      215.3      712.2      199.8      225.3       26.2        184      421.9      65.88     -52.49     -62.47      81.25     -135.3
      3.092       74.8     -24.75      -6312     -5.125      21.39      21.39     -20.14      -5850      -5850      -5850 -1.114e+04 -6.253e-09 -8.341e-09  -3.85e-07      257.3 -4.392e-07      490.1      257.3 -4.984e-08      21.39    9.8e-10      21.39      21.39      72.06      636.6      48.63      21.39 -2.296e-07      407.7      265.4     -265.7 -2.136e+04      243.7      464.2 -5.571e-07      243.7 -3.332e-07 -2.959e-08  8.971e-08      187.3  4.866e-08      187.3      28.57     -659.3      -1256      -1256     -659.3 -1.044e-07 -8.658e-08  9.901e-09 -3.018e-08 -1.235e-07 -5.326e-08 -5.328e-08      -1256 -1.322e-08     -659.3 -3.516e-08 -5.454e-08    2.5e-07  -8.69e-08 -4.563e-08 -6.384e-08 -2.341e-07  6.728e-08 -5.551e-08  1.247e-08  1.525e-06  9.402e-08  1.105e-07 -7.663e-08  9.022e-08 -8.549e-09  1.354e-07  -4.46e-08  7.193e-08     -202.7      127.7     -144.7 -2.656e-08     -144.7     -261.6
     -55.56      -4546      420.5     -273.1      109.1        124        124      125.5        247        247        247      470.5   2.75e-07  2.599e-07 -6.909e-09      152.8  3.325e-07      291.1      152.8  2.368e-07      28.69  2.173e-07      182.4      182.4      364.2      368.5      351.7      28.69  8.292e-08      -13.3      -5674      -3009      243.7 -2.211e+04 -1.604e+04      -1347      -7713 -2.635e+04     -28.88 -2.403e+04      -3109      276.5      315.6      108.8      29.53      56.25      56.25      29.53  3.554e-07  4.178e-08 -3.768e-08  2.069e-07  4.016e-07  1.084e-07  4.494e-07      56.25  2.801e-08      29.53  1.535e-07  1.688e-07  2.737e-07  2.849e-07  1.263e-07 -1.428e-07 -1.627e-07   6.01e-09 -7.649e-08  1.483e-07  5.633e-07  1.663e-07  2.863e-07  1.024e-07  2.139e-07 -8.001e-08 -3.239e-08  1.757e-07  5.404e-08        230     -40.66      128.3  2.214e-07      128.3      85.58
     -65.96      -2427       2448     -186.5     -364.7      -1259      -1259      -1256      -1025      -1025      -1025      -1951  4.338e-07  4.305e-07  1.881e-07      291.1   2.36e-07      554.5      291.1  4.472e-07      54.64  3.989e-07      467.7      467.7      922.7        702      898.9      54.64  1.024e-08      -1266     -160.3     -140.3      464.2 -1.604e+04 -3.535e+04      -7363 -1.469e+04      -3506      255.1     -660.7      -4025  -3.91e-07      -4025      71.97      56.25      107.1      107.1      56.25  3.761e-07   -1.3e-07  2.226e-08  2.271e-07  3.563e-07  3.071e-07  1.806e-07      107.1  7.113e-09      56.25  3.457e-07   3.69e-07  1.471e-07 -1.056e-07   1.85e-08 -2.011e-07 -8.569e-09  3.055e-07 -6.253e-08  1.206e-07   1.71e-07  3.635e-07  6.125e-07 -9.161e-07  2.777e-07 -1.452e-07  4.651e-08  4.071e-07  4.432e-07      302.7     -56.96      244.4  3.047e-07      244.4      183.5
     -49.81      -2141       2974     -653.6     -423.7      -1314      -1314      -1314      -1314      -1314      -1314      -2502  1.171e-09 -6.822e-11  9.497e-08  1.489e-07  1.186e-07  9.059e-08  2.452e-08  2.293e-08  1.072e-09   1.58e-09      413.1      413.1      786.9 -8.418e-08      786.9  2.969e-08  2.172e-08      -1738     -382.1     -200.6 -5.571e-07      -1347      -7363      -7363 -3.887e-09      -3506      255.1     -660.7      -3399   1.26e-07      -3399  2.318e-06 -2.535e-07 -8.247e-08 -3.555e-08 -6.324e-08 -8.891e-09 -2.383e-07 -4.815e-09  2.251e-07  -9.58e-09 -5.196e-08  5.453e-08   1.05e-07 -1.215e-08 -7.887e-08 -3.153e-08 -2.067e-08  3.285e-07  6.857e-08 -6.855e-08 -1.886e-07 -1.881e-08  9.901e-08   -2.3e-08  4.823e-08 -4.778e-07 -3.699e-07 -1.578e-07  3.227e-07 -4.827e-07 -1.515e-08 -5.082e-09  1.497e-08  6.203e-08  2.169e-06     -49.81  7.963e-08 -4.019e-09 -3.437e-08     -49.81
     -8.483     -150.1       -276      245.3      30.98      28.69      28.69      30.22      151.7      151.7      151.7      289.1  2.214e-07  2.204e-07  7.278e-08      152.8 -1.134e-07      291.1      152.8  2.357e-07      28.69  2.315e-07      28.69      28.69      71.31      368.5      58.81      28.69  4.947e-08      247.6      116.5      31.65      243.7      -7713 -1.469e+04 -3.887e-09      -7713 -5.721e-08  -3.73e-08 -5.213e-08       -329  5.582e-08       -329      37.78      29.53      56.25      56.25      29.53   2.33e-07  8.406e-08  2.854e-08  2.805e-08   2.23e-07  2.029e-07  1.249e-07      56.25  3.732e-08      29.53  2.124e-07  2.086e-07   5.51e-08  4.664e-08  3.407e-08 -1.359e-08  7.328e-10  1.888e-07 -1.807e-08   3.81e-08  1.979e-07  2.327e-07  3.249e-07 -5.968e-09  2.469e-07 -1.783e-07  1.696e-08      2e-07  1.898e-07      158.9     -3.758      128.3  2.142e-07      128.3      122.5
     -365.2 -1.433e+04       2299      -1212      231.7     -115.1     -115.1     -115.1     -115.1     -115.1     -115.1     -219.2  7.352e-08  4.699e-08 -1.293e-07 -2.939e-07 -1.197e-07 -1.249e-07 -4.815e-09  6.783e-09  -5.56e-08 -2.563e-09      679.7      679.7       1295  1.816e-07       1295  4.065e-09  1.439e-07      -1455 -1.086e+04      -5702 -3.332e-07 -2.635e+04      -3506      -3506 -5.721e-08 -2.824e+05      -2752  -5.06e+04 -1.072e+04      526.7      -4195      135.3  2.266e-09 -2.343e-07 -2.163e-08 -8.961e-08 -1.193e-07 -1.341e-07 -1.069e-07  4.666e-07 -1.218e-08 -1.606e-07 -4.102e-08  2.217e-07  1.879e-08 -4.937e-08 -9.617e-08 -1.107e-07  3.885e-07  4.082e-07  1.996e-07 -2.732e-07 -3.512e-07 -3.963e-07 -1.184e-07  8.552e-08  3.062e-07  4.087e-07  2.043e-07 -1.812e-07  4.773e-07  3.484e-07 -1.334e-07 -7.476e-08 -1.994e-07      135.3     -345.8  -1.21e-07 -1.197e-08  3.876e-08     -345.8
      28.65      132.6       1075      574.5      238.6      262.2      262.2      262.2      262.2      262.2      262.2      499.5  7.272e-09  6.053e-09  6.988e-08   1.75e-08 -2.794e-07  5.776e-08  1.878e-08  9.046e-09  1.415e-08 -3.596e-09      275.4      275.4      524.5 -8.239e-08      524.5  1.658e-08 -3.035e-08       1074     -484.1     -254.1 -2.959e-08     -28.88      255.1      255.1  -3.73e-08      -2752      -4614      439.5      225.4 -1.527e-07      225.4 -3.671e-06 -6.463e-08  -9.11e-08  -1.47e-07 -3.419e-08 -8.283e-08 -1.676e-07  7.676e-09 -4.877e-08 -8.351e-08 -3.865e-08 -6.772e-08  -3.62e-08  1.159e-08  7.919e-08  2.366e-08  2.223e-08  8.775e-08   1.12e-07  1.744e-08  6.779e-08  3.179e-08  8.102e-08  1.377e-08  1.827e-08 -9.572e-08 -2.865e-07 -8.438e-08 -1.196e-08 -1.766e-08  -1.78e-07  8.963e-09  6.445e-08 -1.164e-07 -3.569e-06      28.65  1.526e-07  1.715e-07 -1.611e-07      28.65
     -56.72      -8397      -4863     -638.1      457.7      454.7      454.7      454.7      454.7      454.7      454.7        866  9.202e-08  6.551e-08 -2.011e-07 -2.127e-07 -1.583e-07 -1.868e-07 -3.799e-08 -2.887e-08 -3.294e-08 -1.861e-08     -335.3     -335.3     -638.7  5.118e-08     -638.7 -4.602e-08  8.046e-08      -6304 -1.048e+04      -5501  8.971e-08 -2.403e+04     -660.7     -660.7 -5.213e-08  -5.06e+04      439.5 -7.007e+04      -6815      526.7     -292.9      135.3 -1.531e-07 -2.667e-07  2.636e-07  6.067e-08 -1.825e-08 -4.547e-08 -1.086e-07  3.726e-07  8.893e-08 -1.615e-07  1.497e-07  2.203e-07  1.554e-08 -1.766e-09 -9.768e-08 -8.008e-08 -1.337e-07  -1.24e-07  1.613e-07 -2.603e-07 -3.159e-07 -1.976e-07 -1.065e-07   1.28e-07  8.127e-08  1.825e-07  8.649e-08 -6.333e-08  2.508e-07  1.752e-07 -9.845e-08 -1.544e-07 -2.564e-07      135.3     -37.34  6.837e-07  8.558e-09  8.017e-07     -37.34
 -1.405e+05 -1.077e+05 -4.169e+04 -3.554e+04      -3343      -3185      -2647      -2649      427.2      427.2      427.2      962.9      64.22      64.51       84.9      -2642      -5167      598.3      204.1      64.25     -26.43     -537.6      53.55      66.74      164.1      510.5      503.9     -90.66     -25.13 -2.779e+04 -1.234e+04      -5473      187.3      -3109      -4025      -3399       -329 -1.072e+04      225.4      -6815 -4.095e+05 -3.456e+04 -2.815e+05 -1.093e+05      287.9     -968.2      284.5      91.45     -83.49      233.5      26.46      220.4     -83.49      23.01      37.32      456.2      202.3      199.7      23.01      152.1      520.2      293.1      315.5     -115.8      431.3      371.7      34.33     -599.8      -2691       1249      359.9      436.5       1273      398.6      436.8      58.51      364.9 -1.068e+05      452.5      379.9      104.7        186      150.1
      657.3      -2132      -6381      -4997  4.538e-07  5.085e-07  5.322e-07  4.885e-07  9.193e-08  5.689e-08  1.232e-07 -7.611e-07  1.121e-07  1.535e-07 -7.398e-07  5.158e-07  3.602e-07  -7.28e-07  7.026e-08  6.856e-08  3.029e-08  2.284e-08  5.397e-07  5.211e-07  1.419e-07 -3.251e-07  -8.89e-08  4.965e-08    1.6e-07      -4997       2142       1124  4.866e-08      276.5  -3.91e-07   1.26e-07  5.582e-08      526.7 -1.527e-07      526.7 -3.456e+04 -1.406e+06  -1.16e+05       1330  3.739e-07 -5.738e-07 -2.076e-07  4.293e-07  3.025e-07 -1.375e-07  5.224e-07 -6.514e-08  3.093e-07  4.241e-07 -1.595e-07  2.664e-07  3.154e-07  6.394e-07  4.671e-07  2.417e-07 -1.547e-07  1.315e-07 -2.568e-08 -4.905e-07 -1.284e-07 -2.277e-07  4.727e-07 -3.333e-07  1.784e-06  1.542e-06  2.342e-07  6.076e-07  6.198e-07 -2.166e-07  2.622e-07  9.954e-07 -1.712e-07       1330      342.1  2.583e-07  8.834e-08  5.793e-07      342.1
 -1.376e+05 -2.409e+04 -3.327e+04 -2.999e+04      -3343      -3185      -2647      -2649      427.2      427.2      427.2      962.9      64.22      64.51       84.9      -2642      -5167      598.3      204.1      64.25     -26.43     -537.6      53.55      66.74      164.1      510.5      503.9     -90.66     -25.13 -2.223e+04 -1.077e+04      -4647      187.3      315.6      -4025      -3399       -329      -4195      225.4     -292.9 -2.815e+05  -1.16e+05 -7.022e+05 -1.075e+05      287.9     -968.2      284.5      91.45     -83.49      233.5      26.46      220.4     -83.49      23.01      37.32      456.2      202.3      199.7      23.01      152.1      520.2      293.1      315.5     -115.8      431.3      371.7      34.33     -599.8      -2691       1249      359.9      436.5       1273      398.6      436.8      58.51      364.9 -1.051e+05      586.3      379.9      104.7        186      283.9
 -1.233e+05      -3125      -1930      -2646     -826.1      220.3      194.7      189.2      227.9     -232.9     -232.9     -318.4      19.51      19.75     -995.3       92.7     -786.2      341.1      5.863       94.3      28.03      25.58      127.1      122.5      118.8      555.5      117.4      83.43     -691.3      -3490     -137.4      93.28      28.57      108.8      71.97  2.318e-06      37.78      135.3 -3.671e-06      135.3 -1.093e+05       1330 -1.075e+05 -1.448e+05      -1082      -1397       -322     -189.7     -136.1     -473.6      9.975      183.3     -136.1      17.59     -108.3     -282.3     -314.9     -40.04      17.59      108.8       76.1     -152.6      60.63     -120.6      181.2     -112.4      16.64     -122.4      -1329     -925.5     -603.3      311.3     -665.5     -165.6      209.7       28.2      267.5  -1.38e+05       2373      310.9      58.52      71.07       2190
       -636      188.8      323.4      355.7        -31     -30.84      -51.2     -64.08     -744.1       -744       -744      -1337     -54.13     -53.98     -105.8     -108.2     -20.49     -93.91     -108.5     -54.11     -56.16      20.36     -49.81     -30.12     -40.13      201.8     -56.92      -2.03     -37.49      183.7      344.4      213.3     -659.3      29.53      56.25 -2.535e-07      29.53  2.266e-09 -6.463e-08 -1.531e-07      287.9  3.739e-07      287.9      -1082 -2.475e+04  -1.13e+04      -8610      -3950      -3447      117.5     -12.66      64.11      -3447     -15.21      -6464     -923.8      102.9     -516.1     -15.21     -44.59      28.36       -138     -139.8     -185.8      46.03      39.76     -84.52     -32.85 -3.611e+04 -2.916e+04 -1.506e+04        156 -2.834e+04      40.48       -326     -7.522      132.9 -1.412e+04      223.5     -141.6      30.72     -267.4     -77.86
     -968.3     -620.9      -1251       1150      215.1      173.9      135.2      110.6      -1185      -1185      -1185      -2107      128.9      129.2      138.1      26.51      398.9      261.1      25.92      128.9        125      38.77      167.2      167.2      351.4      824.5      289.8     -3.866   9.16e-08      790.2      345.9      243.5      -1256      56.25      107.1 -8.247e-08      56.25 -2.343e-07  -9.11e-08 -2.667e-07     -968.2 -5.738e-07     -968.2      -1397  -1.13e+04  -4.51e+04 -1.678e+04      -7722      -6566      223.8     -24.11      122.1      -6566     -28.97 -1.231e+04      -2138        196      -1182     -28.97     -28.38     -445.4     -762.3     -762.9     -353.9       -409      176.4       -161       -168      -2306      -4724      91.22      527.8        163        505     -984.1      104.2      479.8 -1.021e+04      149.3      31.78  1.135e-07      31.78      101.6
     -198.4     -192.6     -435.7       1179      216.6      174.2      135.4      112.9      -1182      -1182      -1182      -2104      128.7        129      244.5       28.8      396.3      261.7      28.22      128.7      124.8      38.77     -393.2     -393.2       -716        701      275.1     -3.866  1.037e-07      794.8      359.9      250.8      -1256      56.25      107.1 -3.555e-08      56.25 -2.163e-08  -1.47e-07  2.636e-07      284.5 -2.076e-07      284.5       -322      -8610 -1.678e+04 -3.375e+04 -1.663e+04      -9327      223.8     -24.11      122.1      -9327     -28.97 -1.757e+04 -1.385e+04        196      -7329     -28.97      11.18       19.1       -140       -136     -263.2      127.1      307.4     -688.1      180.3      712.6      650.1      110.3      -8166      545.9      506.9      290.8      122.6      505.2      -7128      119.8      31.78  1.602e-07      31.78      72.15
     -116.9       -133     -289.4      558.3      81.86      59.59      71.08      59.25     -620.7     -620.7     -620.7      -1105      67.57      67.72      128.4      15.12        208      137.4      14.82      67.59      65.55     -11.49     -206.4     -206.4     -375.9        368      144.4      -2.03  9.227e-08      417.3      188.9      131.7     -659.3      29.53      56.25 -6.324e-08      29.53 -8.961e-08 -3.419e-08  6.067e-08      91.45  4.293e-07      91.45     -189.7      -3950      -7722 -1.663e+04      -8762      -4928      71.94     -44.15       7.11      -4928     -46.94      -9280      -7324      53.75      -3880     -46.94      5.869      10.03     -73.48     -71.42     -138.2      66.75      161.4     -361.2      94.66      374.1      341.3       57.9      -4287      286.6      266.1      152.7      64.37      265.3      -3547      88.57      16.68  1.154e-07      16.68      63.53
     -81.75      14.41      27.45      27.45     -11.49     -11.49  4.655e-08  4.652e-08  1.822e-07  2.615e-08  3.175e-08  -8.28e-07   1.46e-07   4.68e-08 -2.489e-08  5.766e-08  2.217e-07  4.756e-07  1.036e-07  1.203e-07  9.609e-08     -11.49  2.445e-08  2.705e-08  9.976e-09 -8.311e-08  2.804e-08  8.639e-08  3.061e-08      49.34 -1.966e-07 -2.467e-08 -1.044e-07  3.554e-07  3.761e-07 -8.891e-09   2.33e-07 -1.193e-07 -8.283e-08 -1.825e-08     -83.49  3.025e-07     -83.49     -136.1      -3447      -6566      -9327      -4928      -4928      71.95     -44.15       7.11      -4928     -46.94      -9280     -20.69      53.75     -45.44     -46.94     -28.69     -54.65     -138.2     -138.2     -138.2  5.402e-08  4.695e-08     -361.2 -5.584e-08 -4.475e-08 -9.515e-08  3.567e-08 -3.433e-08   7.48e-08 -1.919e-07  6.121e-08  2.154e-08 -8.299e-08      -3264      90.12 -3.284e-09  6.329e-08  6.664e-08      90.12
     -272.8      81.63      155.5      155.5      81.63      81.63 -2.587e-07 -2.587e-07 -4.475e-07 -4.475e-07 -4.475e-07  -9.13e-07  3.137e-08  3.605e-08  3.061e-08   2.61e-07   3.99e-07  1.143e-07  8.184e-08  3.927e-08   7.82e-08      81.63  1.002e-08 -1.136e-08 -5.075e-08   1.02e-07 -8.343e-08   7.02e-08  4.683e-08 -1.999e-06 -1.222e-07 -2.407e-08 -8.658e-08  4.178e-08   -1.3e-07 -2.383e-07  8.406e-08 -1.341e-07 -1.676e-07 -4.547e-08      233.5 -1.375e-07      233.5     -473.6      117.5      223.8      223.8      71.94      71.95   -2.6e+04     -340.1      231.1      71.94      71.95      338.5 -1.086e+04      322.7     -21.22      71.95  9.574e-09  4.263e-08  3.244e-08  2.497e-08  2.241e-08   1.39e-08 -7.634e-09  4.974e-09  2.309e-08  -1.72e-06 -1.753e-07 -8.639e-08 -1.106e-08 -1.483e-07  4.085e-08 -1.368e-08    3.3e-08 -3.072e-08        141      67.25 -8.467e-08  4.917e-08 -8.577e-08      67.25
      32.81     -9.619     -18.32     -18.32     -9.619     -9.619  5.547e-08  5.548e-08  2.085e-08  2.085e-08  2.085e-08  7.867e-09   1.66e-08  1.885e-08   1.13e-08  5.545e-08  8.428e-08   2.53e-08  2.477e-08  1.822e-08  2.541e-08     -9.619  2.685e-08  2.403e-08  3.592e-08  2.379e-08  1.969e-08  1.858e-08  3.752e-09 -2.508e-07  4.409e-08  4.498e-08  9.901e-09 -3.768e-08  2.226e-08 -4.815e-09  2.854e-08 -1.069e-07  7.676e-09 -1.086e-07      26.46  5.224e-07      26.46      9.975     -12.66     -24.11     -24.11     -44.15     -44.15     -340.1     -48.01     -11.83     -44.15     -44.15      23.07     -191.1      57.69     -44.17     -44.15  9.179e-09  2.291e-07  2.226e-07  1.982e-08   2.46e-08  1.223e-09 -9.148e-09  9.703e-09  3.879e-09 -4.892e-08 -3.003e-08 -2.148e-08 -1.002e-08 -3.192e-08 -1.917e-07 -8.918e-09  1.568e-08  -1.79e-08     -66.47      13.25  1.193e-07  6.474e-09  1.503e-07      13.25
      222.9       71.1      135.4      135.4       71.1       71.1  6.012e-07  6.012e-07  5.109e-07  5.109e-07  5.109e-07  9.131e-07   3.73e-08  4.194e-08  3.599e-08  1.098e-07  2.141e-07  1.373e-08  2.879e-08  4.024e-08  2.802e-08       71.1  7.289e-08  6.963e-08  1.152e-07   7.81e-09  1.176e-07  9.014e-09  2.985e-09  2.079e-06  4.904e-07  2.982e-07 -3.018e-08  2.069e-07  2.271e-07  2.251e-07  2.805e-08  4.666e-07 -4.877e-08  3.726e-07      220.4 -6.514e-08      220.4      183.3      64.11      122.1      122.1       7.11       7.11      231.1     -11.83      -8399       7.11       7.11      213.1      105.1      281.2       9.61       7.11  5.791e-09  3.095e-08  2.128e-08  1.391e-08 -3.026e-09  2.809e-08  2.045e-08  -9.18e-09  4.922e-08   1.97e-06    4.8e-07  2.263e-07  1.005e-08  4.461e-07  5.697e-08  1.662e-08  4.691e-08  -1.31e-10      43.35      27.15  1.769e-07   3.68e-08  1.905e-07      27.15
     -81.75      14.41      27.45      27.45     -11.49     -11.49  3.939e-08  3.937e-08  1.781e-07  2.205e-08  2.764e-08 -8.358e-07  1.465e-07  4.731e-08 -1.245e-08  4.917e-08  2.282e-07  -4.17e-09  1.005e-07  1.273e-07  8.655e-08     -11.49   3.75e-08  2.317e-08 -8.724e-09 -1.013e-07  9.582e-09  8.238e-08  7.432e-08      49.34   1.34e-07  1.488e-07 -1.235e-07  4.016e-07  3.563e-07  -9.58e-09   2.23e-07 -1.218e-08 -8.351e-08  8.893e-08     -83.49  3.093e-07     -83.49     -136.1      -3447      -6566      -9327      -4928      -4928      71.94     -44.15       7.11      -4928     -46.94      -9280     -20.69      53.75     -45.44     -46.94     -28.69     -54.65     -138.2     -138.2     -138.2  5.396e-08  4.478e-08     -361.2 -5.714e-08  6.537e-08  1.496e-08  9.348e-08 -3.435e-08  1.857e-07 -1.919e-07  6.118e-08  2.153e-08 -8.301e-08      -3264      90.12  8.778e-08  7.151e-08  1.445e-07      90.12
      37.86     -11.49     -21.89     -21.89     -11.49     -11.49 -6.489e-08 -6.488e-08 -1.319e-08 -1.326e-08 -1.326e-08 -7.645e-07  2.519e-08  2.766e-08  5.909e-08 -3.814e-08 -3.343e-08  4.824e-07  1.606e-08  4.337e-08  4.812e-10     -11.49 -1.094e-08 -7.443e-09 -5.498e-08  -2.36e-08 -6.962e-08  2.069e-09  2.405e-08 -2.425e-07 -1.384e-07 -5.148e-08 -5.326e-08  1.084e-07  3.071e-07 -5.196e-08  2.029e-07 -1.606e-07 -3.865e-08 -1.615e-07      23.01  4.241e-07      23.01      17.59     -15.21     -28.97     -28.97     -46.94     -46.94      71.95     -44.15       7.11     -46.94     -46.94      17.79     -20.69      53.75     -45.44     -46.94  1.985e-08  1.423e-07  1.361e-07  3.618e-08  2.013e-08  2.206e-08  2.571e-08  7.197e-09  3.838e-08    8.3e-08  9.229e-08  4.274e-08  1.044e-08  9.037e-08 -1.735e-07  9.252e-09   2.57e-08  3.297e-10      -71.3      12.52  5.098e-08  2.518e-08  4.799e-08      12.52
     -9.235        130      247.5      247.5      80.62      80.62  2.945e-07  2.945e-07   5.12e-07  2.146e-07  2.252e-07  8.421e-08  2.761e-07  8.706e-08  2.133e-08  2.602e-07  5.675e-07  2.209e-07  3.117e-07  2.672e-07  2.583e-07      80.62  3.062e-08  8.947e-09 -1.404e-07 -2.074e-08 -2.631e-07  2.811e-07  1.837e-07      93.98  -2.71e-07  8.793e-09 -5.328e-08  4.494e-07  1.806e-07  5.453e-08  1.249e-07 -4.102e-08 -6.772e-08  1.497e-07      37.32 -1.595e-07      37.32     -108.3      -6464 -1.231e+04 -1.757e+04      -9280      -9280      338.5      23.07      213.1      -9280      17.79  -5.06e+04      161.1      304.1      20.62      17.79     -54.65     -104.1     -263.2     -263.2     -263.2  1.019e-07  -9.22e-08     -688.1 -1.295e-07 -1.185e-06   2.47e-07  3.076e-07 -1.322e-06  6.029e-07  -1.74e-07  1.121e-07  3.929e-08 -1.625e-07      -6020      127.1 -6.057e-08  6.317e-08  1.785e-07      127.1
     -140.7     -258.8     -561.8       1053      199.7      157.3      135.4      112.9      -1182      -1182      -1182      -2104      128.7        129      244.5       28.8      396.3      261.7      28.22      128.7      124.8       21.9     -393.2     -393.2       -716        701      275.1     -3.866  1.027e-07      700.9      359.9      250.8      -1256      56.25      107.1   1.05e-07      56.25  2.217e-07  -3.62e-08  2.203e-07      456.2  2.664e-07      456.2     -282.3     -923.8      -2138 -1.385e+04      -7324     -20.69 -1.086e+04     -191.1      105.1     -20.69     -20.69      161.1 -1.851e+04      194.1      -7361     -20.69      65.83      123.2      123.2      127.1 -2.099e-07      127.1      307.4 -4.058e-08      180.3      712.6      650.1      110.3      -8166      545.9      506.9      290.8      122.6      505.2     -556.7      38.87      31.78  1.802e-07      31.78     -8.826
       -615      66.91      127.5      127.5      66.91      66.91  1.378e-09  1.379e-09 -2.469e-08 -2.468e-08 -2.468e-08 -1.071e-07 -1.159e-08 -6.914e-09 -6.384e-08  1.638e-09 -4.008e-09 -6.971e-08 -1.495e-08 -1.005e-08 -1.183e-08      66.91 -1.257e-08 -1.667e-08 -4.698e-08 -6.769e-08 -7.563e-08  1.679e-08  1.852e-09  4.698e-08 -9.656e-08 -9.499e-09 -1.322e-08  2.801e-08  7.113e-09 -1.215e-08  3.732e-08  1.879e-08  1.159e-08  1.554e-08      202.3  3.154e-07      202.3     -314.9      102.9        196        196      53.75      53.75      322.7      57.69      281.2      53.75      53.75      304.1      194.1  -2.59e+04       -112      53.75 -4.173e-08 -5.702e-08 -6.719e-08 -7.578e-08  3.272e-09 -6.771e-08  6.262e-07  7.141e-07  -4.97e-08 -1.709e-06 -1.642e-07 -8.037e-08 -9.071e-08 -1.374e-07  1.661e-07 -9.507e-08 -1.009e-08 -1.126e-07      114.1      55.21 -5.063e-08  2.979e-08 -1.743e-08      55.21
     -2.945     -157.9     -336.9      510.7       82.8      60.53      71.08      59.25     -620.7     -620.7     -620.7      -1105      67.57      67.72      128.4      15.12        208      137.4      14.82      67.59      65.55     -10.55     -206.4     -206.4     -375.9        368      144.4      -2.03  6.017e-08        368      188.9      131.7     -659.3      29.53      56.25 -7.887e-08      29.53 -4.937e-08  7.919e-08 -1.766e-09      199.7  6.394e-07      199.7     -40.04     -516.1      -1182      -7329      -3880     -45.44     -21.22     -44.17       9.61     -45.44     -45.44      20.62      -7361       -112      -3879     -45.44      34.56      64.68      64.68      66.75 -8.198e-08      66.75      161.4  5.537e-09      94.66      374.1      341.3       57.9      -4287      286.6      266.1      152.7      64.37      265.3     -351.5      11.33      16.68  8.478e-08      16.68     -13.71
      37.86     -11.49     -21.89     -21.89     -11.49     -11.49 -1.842e-08 -1.844e-08    3.2e-08  3.193e-08  3.193e-08 -6.785e-07  2.851e-08  3.097e-08  6.918e-08 -2.399e-08 -2.155e-08  3.772e-08  3.139e-08  4.887e-08  1.342e-08     -11.49   2.23e-08  4.171e-08  3.482e-08  1.965e-09  5.082e-08  1.345e-08 -2.922e-09  7.396e-07  -3.84e-08  1.181e-09 -3.516e-08  1.535e-07  3.457e-07 -3.153e-08  2.124e-07 -9.617e-08  2.366e-08 -9.768e-08      23.01  4.671e-07      23.01      17.59     -15.21     -28.97     -28.97     -46.94     -46.94      71.95     -44.15       7.11     -46.94     -46.94      17.79     -20.69      53.75     -45.44     -46.94  2.163e-08  3.465e-07  3.403e-07  4.168e-08  2.013e-08  2.756e-08  2.182e-08  7.197e-09  3.281e-08  2.403e-08  3.335e-08   1.18e-08  1.302e-08  3.143e-08  -1.71e-07  1.181e-08  2.706e-08  2.913e-09      -71.3      12.52 -1.519e-08  1.529e-08 -2.003e-10      12.52
      110.5      15.88      30.25      319.9     -19.28     -39.42     -39.42     -46.76     -46.76     -46.76     -46.76     -8.517     -44.83     -44.67     -87.97     -46.43     -3.702      24.29     -46.74     -44.81     -44.83  1.626e-08     -24.36     -24.36      -46.4     -80.96     -49.26  9.848e-09  5.317e-08     -86.76      75.71      39.75 -5.454e-08  1.688e-07   3.69e-07 -2.067e-08  2.086e-07 -1.107e-07  2.223e-08 -8.008e-08      152.1  2.417e-07      152.1      108.8     -44.59     -28.38      11.18      5.869     -28.69  9.574e-09  9.179e-09  5.791e-09     -28.69  1.985e-08     -54.65      65.83 -4.173e-08      34.56  2.163e-08      -3053      -5823      -1256      -1568      75.71      -1643      27.47     -99.22     -48.26      192.8      102.8     -50.58      13.36      -9236      63.46      31.67     -45.71       60.3      48.49      26.79  4.159e-08  3.558e-08  2.274e-08      26.79
      79.35      151.7      288.9      814.5      78.39      40.85      40.85      27.21      27.21      27.22      27.22      201.6       30.9      31.19      53.59      27.73      168.6      262.6      27.25      30.93       30.9  4.233e-08       76.1       76.1      144.9      68.88      114.7  4.445e-08 -3.177e-08      54.93      357.1      187.5    2.5e-07  2.737e-07  1.471e-07  3.285e-07   5.51e-08  3.885e-07  8.775e-08 -1.337e-07      520.2 -1.547e-07      520.2       76.1      28.36     -445.4       19.1      10.03     -54.65  4.263e-08  2.291e-07  3.095e-08     -54.65  1.423e-07     -104.1      123.2 -5.702e-08      64.68  3.465e-07      -5823 -1.883e+04 -1.013e+04      -2470      144.2      -2614      149.2       -189      28.04      547.4      467.8       33.1        388 -1.735e+04        361      102.6      43.89      358.6      243.6      51.04  3.496e-08  2.654e-08  -2.17e-08      51.04
     -147.8      151.7      288.9      814.5      78.39      40.85      40.85      27.21      27.21      27.22      27.22      201.6       30.9      31.19      53.59      27.73      168.6      262.6      27.25      30.93       30.9  3.681e-08       76.1       76.1      144.9      68.88      114.7  3.983e-08 -3.648e-08      54.93      357.1      187.5  -8.69e-08  2.849e-07 -1.056e-07  6.857e-08  4.664e-08  4.082e-07   1.12e-07  -1.24e-07      293.1  1.315e-07      293.1     -152.6       -138     -762.3       -140     -73.48     -138.2  3.244e-08  2.226e-07  2.128e-08     -138.2  1.361e-07     -263.2      123.2 -6.719e-08      64.68  3.403e-07      -1256 -1.013e+04 -1.155e+04      -3886      -1272      -2614      149.2     -235.4      28.04      547.4      467.8       33.1        388 -1.735e+04        361      102.6      43.89      358.6     -351.5     -21.76  5.168e-08  1.365e-08 -2.979e-08     -21.76
       65.4      163.1      310.6      837.5      88.69      50.26      50.26      36.58      36.58       36.6       36.6        221      40.27      40.56      71.34      37.21      232.1      283.6      36.62       40.3      40.27   3.33e-08       85.8       85.8      163.4      86.77      128.4   3.99e-08  9.571e-08      72.35      377.2      198.1 -4.563e-08  1.263e-07   1.85e-08 -6.855e-08  3.407e-08  1.996e-07  1.744e-08  1.613e-07      315.5 -2.568e-08      315.5      60.63     -139.8     -762.9       -136     -71.42     -138.2  2.497e-08  1.982e-08  1.391e-08     -138.2  3.618e-08     -263.2      127.1 -7.578e-08      66.75  4.168e-08      -1568      -2470      -3886 -3.465e+04      -1272 -3.338e+04     -272.9     -235.4      -3609      541.9      487.3      30.12      394.5 -1.735e+04      358.8      103.9      40.87      357.1     -353.9     -21.76  2.498e-07  3.213e-08  2.308e-07     -21.76
     -115.8 -2.892e-07 -5.637e-07 -1.287e-06 -4.083e-07 -7.146e-07  -7.24e-07 -6.834e-07 -5.612e-07 -5.612e-07 -5.574e-07  -1.07e-06 -1.866e-08 -2.657e-08 -4.386e-08 -1.775e-07 -2.726e-07 -9.449e-08 -4.843e-08 -1.842e-08 -5.796e-08  2.237e-08  -1.71e-07 -1.631e-07 -3.243e-07  -1.25e-07 -1.619e-07 -8.164e-09 -2.098e-08 -1.201e-06  -6.11e-07 -3.222e-07 -6.384e-08 -1.428e-07 -2.011e-07 -1.886e-07 -1.359e-08 -2.732e-07  6.779e-08 -2.603e-07     -115.8 -4.905e-07     -115.8     -120.6     -185.8     -353.9     -263.2     -138.2     -138.2  2.241e-08   2.46e-08 -3.026e-09     -138.2  2.013e-08     -263.2 -2.099e-07  3.272e-09 -8.198e-08  2.013e-08      75.71      144.2      -1272      -1272      -1272  -6.13e-08 -8.336e-08     -235.4  -8.55e-08 -2.252e-07 -2.018e-07 -3.272e-09  -9.49e-08 -1.675e-07  1.093e-07 -8.325e-08  1.474e-08 -1.412e-07     -507.8     -21.76 -9.264e-08  8.012e-09 -9.619e-08     -21.76
      181.2      163.1      310.6      837.5      88.69      50.26      50.26      36.58      36.58       36.6       36.6        221      40.27      40.56      71.34      37.21      232.1      283.6      36.62       40.3      40.27  2.492e-08       85.8       85.8      163.4      86.77      128.4  1.258e-08  8.214e-08      72.35      377.2      198.1 -2.341e-07 -1.627e-07 -8.569e-09 -1.881e-08  7.328e-10 -3.512e-07  3.179e-08 -3.159e-07      431.3 -1.284e-07      431.3      181.2      46.03       -409      127.1      66.75  5.402e-08   1.39e-08  1.223e-09  2.809e-08  5.396e-08  2.206e-08  1.019e-07      127.1 -6.771e-08      66.75  2.756e-08      -1643      -2614      -2614 -3.338e+04  -6.13e-08 -3.338e+04     -272.9  5.249e-08      -3609      541.9      487.3      30.12      394.5 -1.735e+04      358.8      103.9      40.87      357.1      153.9 -1.091e-06  1.663e-07  2.865e-09  1.837e-07 -1.039e-06
     -112.4      113.1      215.4      471.3      74.57      25.29      25.29      23.36      23.36      23.36      23.36      195.3      23.36      23.65      45.56      23.98      199.6        257      23.39      23.39      23.36   2.64e-08      47.47      47.47      90.42      51.12      67.56 -6.266e-08 -3.475e-08      46.55      339.4      178.2  6.728e-08   6.01e-09  3.055e-07  9.901e-08  1.888e-07 -3.963e-07  8.102e-08 -1.976e-07      371.7 -2.277e-07      371.7     -112.4      39.76      176.4      307.4      161.4  4.695e-08 -7.634e-09 -9.148e-09  2.045e-08  4.478e-08  2.571e-08  -9.22e-08      307.4  6.262e-07      161.4  2.182e-08      27.47      149.2      149.2     -272.9 -8.336e-08     -272.9  -1.43e+04  4.284e-08      246.6      46.72      612.5      25.05      365.5      41.15      330.6        288      25.16      324.1      188.6 -1.427e-06 -1.604e-07  7.124e-09 -1.472e-07 -1.709e-06
      34.33 -1.536e-07 -7.157e-09 -2.666e-07 -9.196e-08 -4.845e-08 -4.767e-08 -4.767e-08  1.724e-08  1.719e-08  1.936e-08 -6.889e-07  3.732e-08   3.29e-08  7.638e-08 -5.318e-08 -4.492e-08  1.499e-08  1.553e-08   4.29e-08  4.843e-09  6.403e-09 -2.531e-09  2.014e-08  2.101e-08 -9.378e-09   4.71e-08  -9.68e-09 -2.286e-08  -6.27e-08 -5.847e-08 -1.852e-08 -5.551e-08 -7.649e-08 -6.253e-08   -2.3e-08 -1.807e-08 -1.184e-07  1.377e-08 -1.065e-07      34.33  4.727e-07      34.33      16.64     -84.52       -161     -688.1     -361.2     -361.2  4.974e-09  9.703e-09  -9.18e-09     -361.2  7.197e-09     -688.1 -4.058e-08  7.141e-07  5.537e-09  7.197e-09     -99.22       -189     -235.4     -235.4     -235.4  5.249e-08  4.284e-08     -365.2  4.454e-08  9.828e-08  1.112e-07  6.329e-08  3.499e-08  1.039e-07 -1.682e-07  3.989e-08  2.821e-08  3.426e-08     -132.3     0.8634  6.945e-08   1.39e-08  7.556e-08     0.8634
     -122.4      81.78      155.8      807.3      83.03      46.68      46.68      33.39      33.39      33.39      33.39      210.2      33.39      33.67      64.63      33.99      213.5      268.7      33.41      33.41      33.39  3.308e-08      77.67      77.67      147.9      70.73       85.6  4.227e-08   8.92e-08      65.56      352.9      185.3  1.247e-08  1.483e-07  1.206e-07  4.823e-08   3.81e-08  8.552e-08  1.827e-08   1.28e-07     -599.8 -3.333e-07     -599.8     -122.4     -32.85       -168      180.3      94.66 -5.584e-08  2.309e-08  3.879e-09  4.922e-08 -5.714e-08  3.838e-08 -1.295e-07      180.3  -4.97e-08      94.66  3.281e-08     -48.26      28.04      28.04      -3609  -8.55e-08      -3609      246.6  4.454e-08      -3747      25.63     -250.6      28.98      373.7      63.11      343.3     -813.6      39.06      344.7     -295.2 -1.907e-06 -9.467e-08   4.06e-08 -1.304e-08 -1.907e-06
     -908.7      -6030 -1.149e+04      552.4        114        115        115        101        101      101.1      101.1      343.2      105.4      105.7      189.6      101.7      355.5      406.3      101.1      105.4      105.4  4.774e-08      111.6      149.1        284      210.8      256.3  2.054e-08     -71.41        194       1050      551.3  1.525e-06  5.633e-07   1.71e-07 -4.778e-07  1.979e-07  3.062e-07 -9.572e-08  8.127e-08      -2691  1.784e-06      -2691      -1329 -3.611e+04      -2306      712.6      374.1 -4.475e-08  -1.72e-06 -4.892e-08   1.97e-06  6.537e-08    8.3e-08 -1.185e-06      712.6 -1.709e-06      374.1  2.403e-08      192.8      547.4      547.4      541.9 -2.252e-07      541.9      46.72  9.828e-08      25.63 -1.916e+05 -5.702e+04  -2.85e+04      696.8 -5.359e+04      477.6     -22.54     -32.99      102.9 -1.611e+04      276.4     -301.4      58.52     -541.2     -249.9
     -505.2      488.9      931.2       1080      216.3      215.6      215.6      201.6      201.6      201.6      201.6      534.5        206      206.3      386.5      202.2      546.8      597.6      201.6        206        206  4.907e-08        212      249.5      475.1      402.6      446.5  7.347e-08     -71.41      385.5       1408      738.9  9.402e-08  1.663e-07  3.635e-07 -3.699e-07  2.327e-07  4.087e-07 -2.865e-07  1.825e-07       1249  1.542e-06       1249     -925.5 -2.916e+04      -4724      650.1      341.3 -9.515e-08 -1.753e-07 -3.003e-08    4.8e-07  1.496e-08  9.229e-08   2.47e-07      650.1 -1.642e-07      341.3  3.335e-08      102.8      467.8      467.8      487.3 -2.018e-07      487.3      612.5  1.112e-07     -250.6 -5.702e+04 -1.696e+05 -2.903e+04        682  -5.36e+04      651.1      -9442      189.1      681.2 -1.584e+04      276.4     -301.4      58.52     -541.2     -249.9
     -382.7      149.2      284.2      231.3     -66.64     -67.13     -67.13     -74.51     -74.51      -74.5      -74.5     -60.94     -72.22     -72.06     -140.1     -74.17     -54.16      -28.1     -74.49      -72.2     -72.22  2.546e-08      -64.8     -45.12     -85.94     -131.4     -89.74  2.477e-08     -37.49     -139.3      403.8        212  1.105e-07  2.863e-07  6.125e-07 -1.578e-07  3.249e-07  2.043e-07 -8.438e-08  8.649e-08      359.9  2.342e-07      359.9     -603.3 -1.506e+04      91.22      110.3       57.9  3.567e-08 -8.639e-08 -2.148e-08  2.263e-07  9.348e-08  4.274e-08  3.076e-07      110.3 -8.037e-08       57.9   1.18e-08     -50.58       33.1       33.1      30.12 -3.272e-09      30.12      25.05  6.329e-08      28.98  -2.85e+04 -2.903e+04 -1.512e+04     -64.27 -2.859e+04     -38.61     -13.71     -74.16      6.469      -5904      145.1     -158.2      30.72     -284.1     -131.2
      311.3      160.3      305.3      827.6      78.82      40.56      40.56      26.56      26.55      26.57      26.57      202.6      30.91       31.2      53.51      27.19      215.2      265.3       26.6      30.94      30.91  2.014e-08       78.1       78.1      148.8      69.77      130.2  -9.03e-09   6.38e-08      53.71      410.1      215.3 -7.663e-08  1.024e-07 -9.161e-07  3.227e-07 -5.968e-09 -1.812e-07 -1.196e-08 -6.333e-08      436.5  6.076e-07      436.5      311.3        156      527.8      -8166      -4287 -3.433e-08 -1.106e-08 -1.002e-08  1.005e-08 -3.435e-08  1.044e-08 -1.322e-06      -8166 -9.071e-08      -4287  1.302e-08      13.36        388        388      394.5  -9.49e-08      394.5      365.5  3.499e-08      373.7      696.8        682     -64.27  -8.03e+04      643.6      337.3      409.2      26.87      330.2        375  1.877e-06  9.877e-09  2.032e-08  5.881e-09  1.947e-06
     -245.3        593       1129       1033      187.7      186.9      186.9      172.9      172.9      172.9      172.9      479.9      177.2      177.5      331.8      173.5      492.2      543.2      172.9      177.3      177.2  5.163e-08      183.3      220.8      420.5      347.8      391.9  1.186e-07     -71.41      330.7       1357      712.2  9.022e-08  2.139e-07  2.777e-07 -4.827e-07  2.469e-07  4.773e-07 -1.766e-08  2.508e-07       1273  6.198e-07       1273     -665.5 -2.834e+04        163      545.9      286.6   7.48e-08 -1.483e-07 -3.192e-08  4.461e-07  1.857e-07  9.037e-08  6.029e-07      545.9 -1.374e-07      286.6  3.143e-08      -9236 -1.735e+04 -1.735e+04 -1.735e+04 -1.675e-07 -1.735e+04      41.15  1.039e-07      63.11 -5.359e+04  -5.36e+04 -2.859e+04      643.6 -3.238e+05      614.1      685.3      173.2      608.5 -1.058e+04      276.4     -301.4      58.52     -541.2     -249.9
     -165.6      142.7      271.9      795.5         64      26.04      26.04      12.14      12.13      12.15      12.15      174.3      16.47      16.76      26.02      12.77      186.7      236.4      12.18       16.5      16.47 -1.701e-07      63.24      63.24      120.5      42.11      102.2 -1.814e-07  3.478e-08      26.21      380.6      199.8 -8.549e-09 -8.001e-08 -1.452e-07 -1.515e-08 -1.783e-07  3.484e-07  -1.78e-07  1.752e-07      398.6 -2.166e-07      398.6     -165.6      40.48        505      506.9      266.1 -1.919e-07  4.085e-08 -1.917e-07  5.697e-08 -1.919e-07 -1.735e-07  -1.74e-07      506.9  1.661e-07      266.1  -1.71e-07      63.46        361        361      358.8  1.093e-07      358.8      330.6 -1.682e-07      343.3      477.6      651.1     -38.61      337.3      614.1   -2.6e+04      377.1      11.09      298.3      257.3 -1.551e-06 -1.566e-07 -1.811e-08 -9.827e-08 -1.517e-06
      209.7      140.1      266.8      843.5      90.51      52.59      52.59      38.71      38.71      38.73      38.73      224.5      43.04      43.33      76.55      39.34      236.8      285.9      38.75      43.07      43.04  1.431e-08      89.08      89.08      169.7       92.6      149.6  1.296e-08  3.773e-08      76.52      429.2      225.3  1.354e-07 -3.239e-08  4.651e-08 -5.082e-09  1.696e-08 -1.334e-07  8.963e-09 -9.845e-08      436.8  2.622e-07      436.8      209.7       -326     -984.1      290.8      152.7  6.121e-08 -1.368e-08 -8.918e-09  1.662e-08  6.118e-08  9.252e-09  1.121e-07      290.8 -9.507e-08      152.7  1.181e-08      31.67      102.6      102.6      103.9 -8.325e-08      103.9        288  3.989e-08     -813.6     -22.54      -9442     -13.71      409.2      685.3      377.1 -2.094e+04      25.95      379.8      -2628 -5.563e-08  1.636e-07  6.279e-09  1.737e-07  6.503e-08
       28.2     -14.14     -26.93      267.4     -47.11     -67.28     -67.28     -74.66     -74.66     -74.65     -74.65     -61.23     -72.37     -72.21     -140.7     -74.42     -54.44     -141.7     -74.65     -72.37     -72.37  2.767e-08     -45.27     -45.27     -86.22     -131.7     -90.03   1.13e-08  4.798e-08     -139.5      49.91       26.2  -4.46e-08  1.757e-07  4.071e-07  1.497e-08      2e-07 -7.476e-08  6.445e-08 -1.544e-07      58.51  9.954e-07      58.51       28.2     -7.522      104.2      122.6      64.37  2.154e-08    3.3e-08  1.568e-08  4.691e-08  2.153e-08   2.57e-08  3.929e-08      122.6 -1.009e-08      64.37  2.706e-08     -45.71      43.89      43.89      40.87  1.474e-08      40.87      25.16  2.821e-08      39.06     -32.99      189.1     -74.16      26.87      173.2      11.09      25.95     -79.23     -513.1      27.85   2.19e-07  3.747e-08  2.427e-08  5.895e-09  2.014e-07
      267.5      108.2      206.2      669.3      57.27      19.35      19.35      5.352       5.35      5.369      5.369      162.3       9.71         10      13.13      5.986      174.9      222.6      5.392      9.738       9.71  1.211e-08      57.04      57.04      108.7      29.34      90.61 -4.368e-08 -3.228e-08      13.39      350.5        184  7.193e-08  5.404e-08  4.432e-07  6.203e-08  1.898e-07 -1.994e-07 -1.164e-07 -2.564e-07      364.9 -1.712e-07      364.9      267.5      132.9      479.8      505.2      265.3 -8.299e-08 -3.072e-08  -1.79e-08  -1.31e-10 -8.301e-08  3.297e-10 -1.625e-07      505.2 -1.126e-07      265.3  2.913e-09       60.3      358.6      358.6      357.1 -1.412e-07      357.1      324.1  3.426e-08      344.7      102.9      681.2      6.469      330.2      608.5      298.3      379.8     -513.1 -7.931e+04      336.7 -2.094e-06  1.183e-07  3.766e-08  7.121e-08 -1.989e-06
 -1.174e+05      -2647      -1146     -843.4     -690.2        188      196.1      179.7       -279     -739.7     -739.7      -1259     -5.987     -5.702      -1043        181     -804.9      550.9      94.08      68.81      23.73     -8.077      156.2      145.3      166.3      640.4      128.1      104.6     -679.5      -1858        975      421.9     -202.7        230      302.7  2.169e-06      158.9      135.3 -3.569e-06      135.3 -1.068e+05       1330 -1.051e+05  -1.38e+05 -1.412e+04 -1.021e+04      -7128      -3547      -3264        141     -66.47      43.35      -3264      -71.3      -6020     -556.7      114.1     -351.5      -71.3      48.49      243.6     -351.5     -353.9     -507.8      153.9      188.6     -132.3     -295.2 -1.611e+04 -1.584e+04      -5904        375 -1.058e+04      257.3      -2628      27.85      336.7 -1.964e+05       2392      542.2  5.181e-06      542.2       2419
      8.624      18.19     -441.2      75.35       84.7     -44.84     -38.75     -38.25     -72.75     -57.28     -57.28     -109.1  1.238e-07  9.168e-07     -413.6      96.21      162.6      213.2      68.16     -3.539      13.89     -6.084     -62.01     -74.06     -118.3      315.7     -128.7      10.43     -277.3     -120.7      149.6      65.88      127.7     -40.66     -56.96     -49.81     -3.758     -345.8      28.65     -37.34      452.5      342.1      586.3       2373      223.5      149.3      119.8      88.57      90.12      67.25      13.25      27.15      90.12      12.52      127.1      38.87      55.21      11.33      12.52      26.79      51.04     -21.76     -21.76     -21.76 -1.091e-06 -1.427e-06     0.8634 -1.907e-06      276.4      276.4      145.1  1.877e-06      276.4 -1.551e-06 -5.563e-08   2.19e-07 -2.094e-06       2392      -9459     -503.6     -6.511     -469.4      -8622
      3.522      -7.13     -62.19      170.7      44.24      48.66      48.66      47.41     -269.1     -269.1     -269.1     -512.6  1.409e-07   1.74e-07 -1.862e-07      210.2      28.51        372      195.3  8.349e-08      33.69  7.943e-08      33.69      33.69      94.11      615.9      73.22      33.69 -1.702e-08     -591.2      106.8     -52.49     -144.7      128.3      244.4  7.963e-08      128.3  -1.21e-07  1.526e-07  6.837e-07      379.9  2.583e-07      379.9      310.9     -141.6      31.78      31.78      16.68 -3.284e-09 -8.467e-08  1.193e-07  1.769e-07  8.778e-08  5.098e-08 -6.057e-08      31.78 -5.063e-08      16.68 -1.519e-08  4.159e-08  3.496e-08  5.168e-08  2.498e-07 -9.264e-08  1.663e-07 -1.604e-07  6.945e-08 -9.467e-08     -301.4     -301.4     -158.2  9.877e-09     -301.4 -1.566e-07  1.636e-07  3.747e-08  1.183e-07      542.2     -503.6 -1.143e+04      -1029      -9538      -7371
      48.82     -62.47       -119  2.434e-07  1.516e-08  2.042e-08    6.2e-09  6.178e-09  2.835e-08  3.268e-08  3.268e-08 -7.175e-07  2.879e-08  3.296e-08   3.75e-08  1.703e-08 -4.315e-08  4.876e-07  1.935e-08  3.775e-08  4.484e-09  3.505e-08  6.878e-08  7.364e-08  4.087e-08 -5.445e-08  1.036e-07  1.459e-08  1.127e-08  8.286e-08       -119     -62.47 -2.656e-08  2.214e-07  3.047e-07 -4.019e-09  2.142e-07 -1.197e-08  1.715e-07  8.558e-09      104.7  8.834e-08      104.7      58.52      30.72  1.135e-07  1.602e-07  1.154e-07  6.329e-08  4.917e-08  6.474e-09   3.68e-08  7.151e-08  2.518e-08  6.317e-08  1.802e-07  2.979e-08  8.478e-08  1.529e-08  3.558e-08  2.654e-08  1.365e-08  3.213e-08  8.012e-09  2.865e-09  7.124e-09   1.39e-08   4.06e-08      58.52      58.52      30.72  2.032e-08      58.52 -1.811e-08  6.279e-09  2.427e-08  3.766e-08  5.181e-06     -6.511      -1029     -562.2     -269.9     -739.5
     -181.3      126.6      192.5      170.7      44.24      48.66      48.66      47.41     -269.1     -269.1     -269.1     -512.6  1.029e-07  1.276e-07 -1.629e-07      210.2      28.51        372      195.3    5.9e-08      33.69  5.766e-08      33.69      33.69      94.11      615.9      73.22      33.69  1.324e-08     -591.2      361.6      81.25     -144.7      128.3      244.4 -3.437e-08      128.3  3.876e-08 -1.611e-07  8.017e-07        186  5.793e-07        186      71.07     -267.4      31.78      31.78      16.68  6.664e-08 -8.577e-08  1.503e-07  1.905e-07  1.445e-07  4.799e-08  1.785e-07      31.78 -1.743e-08      16.68 -2.003e-10  2.274e-08  -2.17e-08 -2.979e-08  2.308e-07 -9.619e-08  1.837e-07 -1.472e-07  7.556e-08 -1.304e-08     -541.2     -541.2     -284.1  5.881e-09     -541.2 -9.827e-08  1.737e-07  5.895e-09  7.121e-08      542.2     -469.4      -9538     -269.9 -1.119e+04      -6152
     -130.5     -152.4     -814.9      102.5      77.44     -48.03     -41.95     -43.79     -479.2     -463.7     -463.7     -883.3  1.977e-07  9.803e-07     -413.6      240.6      134.1      516.7      227.5     -3.539      25.67     -6.084     -50.24     -62.28     -82.26      588.8       -102       22.2     -277.3     -713.9     -82.07     -135.3     -261.6      85.58      183.5     -49.81      122.5     -345.8      28.65     -37.34      150.1      342.1      283.9       2190     -77.86      101.6      72.15      63.53      90.12      67.25      13.25      27.15      90.12      12.52      127.1     -8.826      55.21     -13.71      12.52      26.79      51.04     -21.76     -21.76     -21.76 -1.039e-06 -1.709e-06     0.8634 -1.907e-06     -249.9     -249.9     -131.2  1.947e-06     -249.9 -1.517e-06  6.503e-08  2.014e-07 -1.989e-06       2419      -8622      -7371     -739.5      -6152 -1.628e+04
